   1  0.0010  -0.3198
   2  0.0020  -0.3236
   3  0.0030  -0.3272
   4  0.0040  -0.3309
   5  0.0050  -0.3344
   6  0.0060  -0.3379
   7  0.0070  -0.3414
   8  0.0080  -0.3448
   9  0.0090  -0.3481
  10  0.0100  -0.3514
  11  0.0110  -0.3546
  12  0.0120  -0.3578
  13  0.0130  -0.3610
  14  0.0140  -0.3640
  15  0.0150  -0.3671
  16  0.0160  -0.3701
  17  0.0170  -0.3730
  18  0.0180  -0.3760
  19  0.0190  -0.3788
  20  0.0200  -0.3817
  21  0.0210  -0.3845
  22  0.0220  -0.3872
  23  0.0230  -0.3900
  24  0.0240  -0.3927
  25  0.0250  -0.3953
  26  0.0260  -0.3979
  27  0.0270  -0.4005
  28  0.0280  -0.4031
  29  0.0290  -0.4056
  30  0.0300  -0.4081
  31  0.0310  -0.4106
  32  0.0320  -0.4130
  33  0.0330  -0.4154
  34  0.0340  -0.4178
  35  0.0350  -0.4201
  36  0.0360  -0.4225
  37  0.0370  -0.4247
  38  0.0380  -0.4270
  39  0.0390  -0.4293
  40  0.0400  -0.4315
  41  0.0410  -0.4337
  42  0.0420  -0.4358
  43  0.0430  -0.4380
  44  0.0440  -0.4401
  45  0.0450  -0.4422
  46  0.0460  -0.4443
  47  0.0470  -0.4464
  48  0.0480  -0.4484
  49  0.0490  -0.4504
  50  0.0500  -0.4524
  51  0.0510  -0.4544
  52  0.0520  -0.4563
  53  0.0530  -0.4583
  54  0.0540  -0.4602
  55  0.0550  -0.4621
  56  0.0560  -0.4639
  57  0.0570  -0.4658
  58  0.0580  -0.4676
  59  0.0590  -0.4695
  60  0.0600  -0.4713
  61  0.0610  -0.4730
  62  0.0620  -0.4748
  63  0.0630  -0.4766
  64  0.0640  -0.4783
  65  0.0650  -0.4800
  66  0.0660  -0.4817
  67  0.0670  -0.4834
  68  0.0680  -0.4851
  69  0.0690  -0.4867
  70  0.0700  -0.4884
  71  0.0710  -0.4900
  72  0.0720  -0.4916
  73  0.0730  -0.4932
  74  0.0740  -0.4948
  75  0.0750  -0.4964
  76  0.0760  -0.4979
  77  0.0770  -0.4995
  78  0.0780  -0.5010
  79  0.0790  -0.5025
  80  0.0800  -0.5040
  81  0.0810  -0.5055
  82  0.0820  -0.5070
  83  0.0830  -0.5084
  84  0.0840  -0.5099
  85  0.0850  -0.5113
  86  0.0860  -0.5128
  87  0.0870  -0.5142
  88  0.0880  -0.5156
  89  0.0890  -0.5170
  90  0.0900  -0.5183
  91  0.0910  -0.5197
  92  0.0920  -0.5211
  93  0.0930  -0.5224
  94  0.0940  -0.5237
  95  0.0950  -0.5251
  96  0.0960  -0.5264
  97  0.0970  -0.5277
  98  0.0980  -0.5290
  99  0.0990  -0.5303
 100  0.1000  -0.5315
 101  0.1010  -0.5328
 102  0.1020  -0.5340
 103  0.1030  -0.5353
 104  0.1040  -0.5365
 105  0.1050  -0.5377
 106  0.1060  -0.5389
 107  0.1070  -0.5401
 108  0.1080  -0.5413
 109  0.1090  -0.5425
 110  0.1100  -0.5437
 111  0.1110  -0.5449
 112  0.1120  -0.5460
 113  0.1130  -0.5472
 114  0.1140  -0.5483
 115  0.1150  -0.5494
 116  0.1160  -0.5506
 117  0.1170  -0.5517
 118  0.1180  -0.5528
 119  0.1190  -0.5539
 120  0.1200  -0.5550
 121  0.1210  -0.5561
 122  0.1220  -0.5571
 123  0.1230  -0.5582
 124  0.1240  -0.5593
 125  0.1250  -0.5603
 126  0.1260  -0.5613
 127  0.1270  -0.5624
 128  0.1280  -0.5634
 129  0.1290  -0.5644
 130  0.1300  -0.5654
 131  0.1310  -0.5664
 132  0.1320  -0.5674
 133  0.1330  -0.5684
 134  0.1340  -0.5694
 135  0.1350  -0.5704
 136  0.1360  -0.5714
 137  0.1370  -0.5723
 138  0.1380  -0.5733
 139  0.1390  -0.5742
 140  0.1400  -0.5752
 141  0.1410  -0.5761
 142  0.1420  -0.5770
 143  0.1430  -0.5780
 144  0.1440  -0.5789
 145  0.1450  -0.5798
 146  0.1460  -0.5807
 147  0.1470  -0.5816
 148  0.1480  -0.5825
 149  0.1490  -0.5834
 150  0.1500  -0.5842
 151  0.1510  -0.5851
 152  0.1520  -0.5860
 153  0.1530  -0.5869
 154  0.1540  -0.5877
 155  0.1550  -0.5886
 156  0.1560  -0.5894
 157  0.1570  -0.5902
 158  0.1580  -0.5911
 159  0.1590  -0.5919
 160  0.1600  -0.5927
 161  0.1610  -0.5935
 162  0.1620  -0.5944
 163  0.1630  -0.5952
 164  0.1640  -0.5960
 165  0.1650  -0.5968
 166  0.1660  -0.5975
 167  0.1670  -0.5983
 168  0.1680  -0.5991
 169  0.1690  -0.5999
 170  0.1700  -0.6006
 171  0.1710  -0.6014
 172  0.1720  -0.6022
 173  0.1730  -0.6029
 174  0.1740  -0.6037
 175  0.1750  -0.6044
 176  0.1760  -0.6052
 177  0.1770  -0.6059
 178  0.1780  -0.6066
 179  0.1790  -0.6074
 180  0.1800  -0.6081
 181  0.1810  -0.6088
 182  0.1820  -0.6095
 183  0.1830  -0.6102
 184  0.1840  -0.6109
 185  0.1850  -0.6116
 186  0.1860  -0.6123
 187  0.1870  -0.6130
 188  0.1880  -0.6137
 189  0.1890  -0.6144
 190  0.1900  -0.6150
 191  0.1910  -0.6157
 192  0.1920  -0.6164
 193  0.1930  -0.6170
 194  0.1940  -0.6177
 195  0.1950  -0.6184
 196  0.1960  -0.6190
 197  0.1970  -0.6196
 198  0.1980  -0.6203
 199  0.1990  -0.6209
 200  0.2000  -0.6216
 201  0.2010  -0.6222
 202  0.2020  -0.6228
 203  0.2030  -0.6234
 204  0.2040  -0.6241
 205  0.2050  -0.6247
 206  0.2060  -0.6253
 207  0.2070  -0.6259
 208  0.2080  -0.6265
 209  0.2090  -0.6271
 210  0.2100  -0.6277
 211  0.2110  -0.6283
 212  0.2120  -0.6289
 213  0.2130  -0.6295
 214  0.2140  -0.6301
 215  0.2150  -0.6306
 216  0.2160  -0.6312
 217  0.2170  -0.6318
 218  0.2180  -0.6324
 219  0.2190  -0.6329
 220  0.2200  -0.6335
 221  0.2210  -0.6340
 222  0.2220  -0.6346
 223  0.2230  -0.6352
 224  0.2240  -0.6357
 225  0.2250  -0.6362
 226  0.2260  -0.6368
 227  0.2270  -0.6373
 228  0.2280  -0.6379
 229  0.2290  -0.6384
 230  0.2300  -0.6389
 231  0.2310  -0.6394
 232  0.2320  -0.6400
 233  0.2330  -0.6405
 234  0.2340  -0.6410
 235  0.2350  -0.6415
 236  0.2360  -0.6420
 237  0.2370  -0.6425
 238  0.2380  -0.6430
 239  0.2390  -0.6435
 240  0.2400  -0.6440
 241  0.2410  -0.6445
 242  0.2420  -0.6450
 243  0.2430  -0.6455
 244  0.2440  -0.6460
 245  0.2450  -0.6465
 246  0.2460  -0.6470
 247  0.2470  -0.6475
 248  0.2480  -0.6479
 249  0.2490  -0.6484
 250  0.2500  -0.6489
 251  0.2510  -0.6493
 252  0.2520  -0.6498
 253  0.2530  -0.6503
 254  0.2540  -0.6507
 255  0.2550  -0.6512
 256  0.2560  -0.6516
 257  0.2570  -0.6521
 258  0.2580  -0.6525
 259  0.2590  -0.6530
 260  0.2600  -0.6534
 261  0.2610  -0.6539
 262  0.2620  -0.6543
 263  0.2630  -0.6547
 264  0.2640  -0.6552
 265  0.2650  -0.6556
 266  0.2660  -0.6560
 267  0.2670  -0.6565
 268  0.2680  -0.6569
 269  0.2690  -0.6573
 270  0.2700  -0.6577
 271  0.2710  -0.6581
 272  0.2720  -0.6586
 273  0.2730  -0.6590
 274  0.2740  -0.6594
 275  0.2750  -0.6598
 276  0.2760  -0.6602
 277  0.2770  -0.6606
 278  0.2780  -0.6610
 279  0.2790  -0.6614
 280  0.2800  -0.6618
 281  0.2810  -0.6622
 282  0.2820  -0.6626
 283  0.2830  -0.6630
 284  0.2840  -0.6634
 285  0.2850  -0.6637
 286  0.2860  -0.6641
 287  0.2870  -0.6645
 288  0.2880  -0.6649
 289  0.2890  -0.6653
 290  0.2900  -0.6656
 291  0.2910  -0.6660
 292  0.2920  -0.6664
 293  0.2930  -0.6667
 294  0.2940  -0.6671
 295  0.2950  -0.6675
 296  0.2960  -0.6678
 297  0.2970  -0.6682
 298  0.2980  -0.6685
 299  0.2990  -0.6689
 300  0.3000  -0.6693
 301  0.3010  -0.6696
 302  0.3020  -0.6700
 303  0.3030  -0.6703
 304  0.3040  -0.6706
 305  0.3050  -0.6710
 306  0.3060  -0.6713
 307  0.3070  -0.6717
 308  0.3080  -0.6720
 309  0.3090  -0.6723
 310  0.3100  -0.6727
 311  0.3110  -0.6730
 312  0.3120  -0.6733
 313  0.3130  -0.6737
 314  0.3140  -0.6740
 315  0.3150  -0.6743
 316  0.3160  -0.6746
 317  0.3170  -0.6750
 318  0.3180  -0.6753
 319  0.3190  -0.6756
 320  0.3200  -0.6759
 321  0.3210  -0.6762
 322  0.3220  -0.6765
 323  0.3230  -0.6768
 324  0.3240  -0.6772
 325  0.3250  -0.6775
 326  0.3260  -0.6778
 327  0.3270  -0.6781
 328  0.3280  -0.6784
 329  0.3290  -0.6787
 330  0.3300  -0.6790
 331  0.3310  -0.6793
 332  0.3320  -0.6796
 333  0.3330  -0.6799
 334  0.3340  -0.6801
 335  0.3350  -0.6804
 336  0.3360  -0.6807
 337  0.3370  -0.6810
 338  0.3380  -0.6813
 339  0.3390  -0.6816
 340  0.3400  -0.6819
 341  0.3410  -0.6821
 342  0.3420  -0.6824
 343  0.3430  -0.6827
 344  0.3440  -0.6830
 345  0.3450  -0.6832
 346  0.3460  -0.6835
 347  0.3470  -0.6838
 348  0.3480  -0.6841
 349  0.3490  -0.6843
 350  0.3500  -0.6846
 351  0.3510  -0.6849
 352  0.3520  -0.6851
 353  0.3530  -0.6854
 354  0.3540  -0.6856
 355  0.3550  -0.6859
 356  0.3560  -0.6862
 357  0.3570  -0.6864
 358  0.3580  -0.6867
 359  0.3590  -0.6869
 360  0.3600  -0.6872
 361  0.3610  -0.6874
 362  0.3620  -0.6877
 363  0.3630  -0.6879
 364  0.3640  -0.6882
 365  0.3650  -0.6884
 366  0.3660  -0.6887
 367  0.3670  -0.6889
 368  0.3680  -0.6891
 369  0.3690  -0.6894
 370  0.3700  -0.6896
 371  0.3710  -0.6899
 372  0.3720  -0.6901
 373  0.3730  -0.6903
 374  0.3740  -0.6906
 375  0.3750  -0.6908
 376  0.3760  -0.6910
 377  0.3770  -0.6913
 378  0.3780  -0.6915
 379  0.3790  -0.6917
 380  0.3800  -0.6919
 381  0.3810  -0.6922
 382  0.3820  -0.6924
 383  0.3830  -0.6926
 384  0.3840  -0.6928
 385  0.3850  -0.6930
 386  0.3860  -0.6933
 387  0.3870  -0.6935
 388  0.3880  -0.6937
 389  0.3890  -0.6939
 390  0.3900  -0.6941
 391  0.3910  -0.6943
 392  0.3920  -0.6945
 393  0.3930  -0.6947
 394  0.3940  -0.6950
 395  0.3950  -0.6952
 396  0.3960  -0.6954
 397  0.3970  -0.6956
 398  0.3980  -0.6958
 399  0.3990  -0.6960
 400  0.4000  -0.6962
 401  0.4010  -0.6964
 402  0.4020  -0.6966
 403  0.4030  -0.6968
 404  0.4040  -0.6970
 405  0.4050  -0.6972
 406  0.4060  -0.6974
 407  0.4070  -0.6976
 408  0.4080  -0.6977
 409  0.4090  -0.6979
 410  0.4100  -0.6981
 411  0.4110  -0.6983
 412  0.4120  -0.6985
 413  0.4130  -0.6987
 414  0.4140  -0.6989
 415  0.4150  -0.6991
 416  0.4160  -0.6992
 417  0.4170  -0.6994
 418  0.4180  -0.6996
 419  0.4190  -0.6998
 420  0.4200  -0.7000
 421  0.4210  -0.7001
 422  0.4220  -0.7003
 423  0.4230  -0.7005
 424  0.4240  -0.7007
 425  0.4250  -0.7008
 426  0.4260  -0.7010
 427  0.4270  -0.7012
 428  0.4280  -0.7013
 429  0.4290  -0.7015
 430  0.4300  -0.7017
 431  0.4310  -0.7019
 432  0.4320  -0.7020
 433  0.4330  -0.7022
 434  0.4340  -0.7024
 435  0.4350  -0.7025
 436  0.4360  -0.7027
 437  0.4370  -0.7028
 438  0.4380  -0.7030
 439  0.4390  -0.7032
 440  0.4400  -0.7033
 441  0.4410  -0.7035
 442  0.4420  -0.7036
 443  0.4430  -0.7038
 444  0.4440  -0.7039
 445  0.4450  -0.7041
 446  0.4460  -0.7042
 447  0.4470  -0.7044
 448  0.4480  -0.7046
 449  0.4490  -0.7047
 450  0.4500  -0.7049
 451  0.4510  -0.7050
 452  0.4520  -0.7051
 453  0.4530  -0.7053
 454  0.4540  -0.7054
 455  0.4550  -0.7056
 456  0.4560  -0.7057
 457  0.4570  -0.7059
 458  0.4580  -0.7060
 459  0.4590  -0.7062
 460  0.4600  -0.7063
 461  0.4610  -0.7064
 462  0.4620  -0.7066
 463  0.4630  -0.7067
 464  0.4640  -0.7068
 465  0.4650  -0.7070
 466  0.4660  -0.7071
 467  0.4670  -0.7073
 468  0.4680  -0.7074
 469  0.4690  -0.7075
 470  0.4700  -0.7077
 471  0.4710  -0.7078
 472  0.4720  -0.7079
 473  0.4730  -0.7080
 474  0.4740  -0.7082
 475  0.4750  -0.7083
 476  0.4760  -0.7084
 477  0.4770  -0.7086
 478  0.4780  -0.7087
 479  0.4790  -0.7088
 480  0.4800  -0.7089
 481  0.4810  -0.7091
 482  0.4820  -0.7092
 483  0.4830  -0.7093
 484  0.4840  -0.7094
 485  0.4850  -0.7095
 486  0.4860  -0.7097
 487  0.4870  -0.7098
 488  0.4880  -0.7099
 489  0.4890  -0.7100
 490  0.4900  -0.7101
 491  0.4910  -0.7102
 492  0.4920  -0.7104
 493  0.4930  -0.7105
 494  0.4940  -0.7106
 495  0.4950  -0.7107
 496  0.4960  -0.7108
 497  0.4970  -0.7109
 498  0.4980  -0.7110
 499  0.4990  -0.7111
 500  0.5000  -0.7112
 501  0.5010  -0.7113
 502  0.5020  -0.7115
 503  0.5030  -0.7116
 504  0.5040  -0.7117
 505  0.5050  -0.7118
 506  0.5060  -0.7119
 507  0.5070  -0.7120
 508  0.5080  -0.7121
 509  0.5090  -0.7122
 510  0.5100  -0.7123
 511  0.5110  -0.7124
 512  0.5120  -0.7125
 513  0.5130  -0.7126
 514  0.5140  -0.7127
 515  0.5150  -0.7128
 516  0.5160  -0.7129
 517  0.5170  -0.7130
 518  0.5180  -0.7131
 519  0.5190  -0.7132
 520  0.5200  -0.7133
 521  0.5210  -0.7134
 522  0.5220  -0.7134
 523  0.5230  -0.7135
 524  0.5240  -0.7136
 525  0.5250  -0.7137
 526  0.5260  -0.7138
 527  0.5270  -0.7139
 528  0.5280  -0.7140
 529  0.5290  -0.7141
 530  0.5300  -0.7142
 531  0.5310  -0.7143
 532  0.5320  -0.7143
 533  0.5330  -0.7144
 534  0.5340  -0.7145
 535  0.5350  -0.7146
 536  0.5360  -0.7147
 537  0.5370  -0.7148
 538  0.5380  -0.7148
 539  0.5390  -0.7149
 540  0.5400  -0.7150
 541  0.5410  -0.7151
 542  0.5420  -0.7152
 543  0.5430  -0.7152
 544  0.5440  -0.7153
 545  0.5450  -0.7154
 546  0.5460  -0.7155
 547  0.5470  -0.7156
 548  0.5480  -0.7156
 549  0.5490  -0.7157
 550  0.5500  -0.7158
 551  0.5510  -0.7159
 552  0.5520  -0.7159
 553  0.5530  -0.7160
 554  0.5540  -0.7161
 555  0.5550  -0.7162
 556  0.5560  -0.7162
 557  0.5570  -0.7163
 558  0.5580  -0.7164
 559  0.5590  -0.7164
 560  0.5600  -0.7165
 561  0.5610  -0.7166
 562  0.5620  -0.7166
 563  0.5630  -0.7167
 564  0.5640  -0.7168
 565  0.5650  -0.7168
 566  0.5660  -0.7169
 567  0.5670  -0.7170
 568  0.5680  -0.7170
 569  0.5690  -0.7171
 570  0.5700  -0.7172
 571  0.5710  -0.7172
 572  0.5720  -0.7173
 573  0.5730  -0.7174
 574  0.5740  -0.7174
 575  0.5750  -0.7175
 576  0.5760  -0.7175
 577  0.5770  -0.7176
 578  0.5780  -0.7177
 579  0.5790  -0.7177
 580  0.5800  -0.7178
 581  0.5810  -0.7178
 582  0.5820  -0.7179
 583  0.5830  -0.7179
 584  0.5840  -0.7180
 585  0.5850  -0.7181
 586  0.5860  -0.7181
 587  0.5870  -0.7182
 588  0.5880  -0.7182
 589  0.5890  -0.7183
 590  0.5900  -0.7183
 591  0.5910  -0.7184
 592  0.5920  -0.7184
 593  0.5930  -0.7185
 594  0.5940  -0.7185
 595  0.5950  -0.7186
 596  0.5960  -0.7186
 597  0.5970  -0.7187
 598  0.5980  -0.7187
 599  0.5990  -0.7188
 600  0.6000  -0.7188
 601  0.6010  -0.7189
 602  0.6020  -0.7189
 603  0.6030  -0.7190
 604  0.6040  -0.7190
 605  0.6050  -0.7191
 606  0.6060  -0.7191
 607  0.6070  -0.7191
 608  0.6080  -0.7192
 609  0.6090  -0.7192
 610  0.6100  -0.7193
 611  0.6110  -0.7193
 612  0.6120  -0.7194
 613  0.6130  -0.7194
 614  0.6140  -0.7194
 615  0.6150  -0.7195
 616  0.6160  -0.7195
 617  0.6170  -0.7196
 618  0.6180  -0.7196
 619  0.6190  -0.7196
 620  0.6200  -0.7197
 621  0.6210  -0.7197
 622  0.6220  -0.7198
 623  0.6230  -0.7198
 624  0.6240  -0.7198
 625  0.6250  -0.7199
 626  0.6260  -0.7199
 627  0.6270  -0.7199
 628  0.6280  -0.7200
 629  0.6290  -0.7200
 630  0.6300  -0.7200
 631  0.6310  -0.7201
 632  0.6320  -0.7201
 633  0.6330  -0.7201
 634  0.6340  -0.7202
 635  0.6350  -0.7202
 636  0.6360  -0.7202
 637  0.6370  -0.7203
 638  0.6380  -0.7203
 639  0.6390  -0.7203
 640  0.6400  -0.7203
 641  0.6410  -0.7204
 642  0.6420  -0.7204
 643  0.6430  -0.7204
 644  0.6440  -0.7205
 645  0.6450  -0.7205
 646  0.6460  -0.7205
 647  0.6470  -0.7205
 648  0.6480  -0.7206
 649  0.6490  -0.7206
 650  0.6500  -0.7206
 651  0.6510  -0.7206
 652  0.6520  -0.7207
 653  0.6530  -0.7207
 654  0.6540  -0.7207
 655  0.6550  -0.7207
 656  0.6560  -0.7207
 657  0.6570  -0.7208
 658  0.6580  -0.7208
 659  0.6590  -0.7208
 660  0.6600  -0.7208
 661  0.6610  -0.7209
 662  0.6620  -0.7209
 663  0.6630  -0.7209
 664  0.6640  -0.7209
 665  0.6650  -0.7209
 666  0.6660  -0.7209
 667  0.6670  -0.7210
 668  0.6680  -0.7210
 669  0.6690  -0.7210
 670  0.6700  -0.7210
 671  0.6710  -0.7210
 672  0.6720  -0.7210
 673  0.6730  -0.7211
 674  0.6740  -0.7211
 675  0.6750  -0.7211
 676  0.6760  -0.7211
 677  0.6770  -0.7211
 678  0.6780  -0.7211
 679  0.6790  -0.7211
 680  0.6800  -0.7212
 681  0.6810  -0.7212
 682  0.6820  -0.7212
 683  0.6830  -0.7212
 684  0.6840  -0.7212
 685  0.6850  -0.7212
 686  0.6860  -0.7212
 687  0.6870  -0.7212
 688  0.6880  -0.7212
 689  0.6890  -0.7213
 690  0.6900  -0.7213
 691  0.6910  -0.7213
 692  0.6920  -0.7213
 693  0.6930  -0.7213
 694  0.6940  -0.7213
 695  0.6950  -0.7213
 696  0.6960  -0.7213
 697  0.6970  -0.7213
 698  0.6980  -0.7213
 699  0.6990  -0.7213
 700  0.7000  -0.7213
 701  0.7010  -0.7213
 702  0.7020  -0.7213
 703  0.7030  -0.7213
 704  0.7040  -0.7214
 705  0.7050  -0.7214
 706  0.7060  -0.7214
 707  0.7070  -0.7214
 708  0.7080  -0.7214
 709  0.7090  -0.7214
 710  0.7100  -0.7214
 711  0.7110  -0.7214
 712  0.7120  -0.7214
 713  0.7130  -0.7214
 714  0.7140  -0.7214
 715  0.7150  -0.7214
 716  0.7160  -0.7214
 717  0.7170  -0.7214
 718  0.7180  -0.7214
 719  0.7190  -0.7214
 720  0.7200  -0.7214
 721  0.7210  -0.7214
 722  0.7220  -0.7214
 723  0.7230  -0.7214
 724  0.7240  -0.7214
 725  0.7250  -0.7213
 726  0.7260  -0.7213
 727  0.7270  -0.7213
 728  0.7280  -0.7213
 729  0.7290  -0.7213
 730  0.7300  -0.7213
 731  0.7310  -0.7213
 732  0.7320  -0.7213
 733  0.7330  -0.7213
 734  0.7340  -0.7213
 735  0.7350  -0.7213
 736  0.7360  -0.7213
 737  0.7370  -0.7213
 738  0.7380  -0.7213
 739  0.7390  -0.7213
 740  0.7400  -0.7213
 741  0.7410  -0.7212
 742  0.7420  -0.7212
 743  0.7430  -0.7212
 744  0.7440  -0.7212
 745  0.7450  -0.7212
 746  0.7460  -0.7212
 747  0.7470  -0.7212
 748  0.7480  -0.7212
 749  0.7490  -0.7212
 750  0.7500  -0.7212
 751  0.7510  -0.7211
 752  0.7520  -0.7211
 753  0.7530  -0.7211
 754  0.7540  -0.7211
 755  0.7550  -0.7211
 756  0.7560  -0.7211
 757  0.7570  -0.7211
 758  0.7580  -0.7210
 759  0.7590  -0.7210
 760  0.7600  -0.7210
 761  0.7610  -0.7210
 762  0.7620  -0.7210
 763  0.7630  -0.7210
 764  0.7640  -0.7210
 765  0.7650  -0.7209
 766  0.7660  -0.7209
 767  0.7670  -0.7209
 768  0.7680  -0.7209
 769  0.7690  -0.7209
 770  0.7700  -0.7208
 771  0.7710  -0.7208
 772  0.7720  -0.7208
 773  0.7730  -0.7208
 774  0.7740  -0.7208
 775  0.7750  -0.7208
 776  0.7760  -0.7207
 777  0.7770  -0.7207
 778  0.7780  -0.7207
 779  0.7790  -0.7207
 780  0.7800  -0.7207
 781  0.7810  -0.7206
 782  0.7820  -0.7206
 783  0.7830  -0.7206
 784  0.7840  -0.7206
 785  0.7850  -0.7205
 786  0.7860  -0.7205
 787  0.7870  -0.7205
 788  0.7880  -0.7205
 789  0.7890  -0.7205
 790  0.7900  -0.7204
 791  0.7910  -0.7204
 792  0.7920  -0.7204
 793  0.7930  -0.7204
 794  0.7940  -0.7203
 795  0.7950  -0.7203
 796  0.7960  -0.7203
 797  0.7970  -0.7203
 798  0.7980  -0.7202
 799  0.7990  -0.7202
 800  0.8000  -0.7202
 801  0.8010  -0.7201
 802  0.8020  -0.7201
 803  0.8030  -0.7201
 804  0.8040  -0.7201
 805  0.8050  -0.7200
 806  0.8060  -0.7200
 807  0.8070  -0.7200
 808  0.8080  -0.7200
 809  0.8090  -0.7199
 810  0.8100  -0.7199
 811  0.8110  -0.7199
 812  0.8120  -0.7198
 813  0.8130  -0.7198
 814  0.8140  -0.7198
 815  0.8150  -0.7197
 816  0.8160  -0.7197
 817  0.8170  -0.7197
 818  0.8180  -0.7197
 819  0.8190  -0.7196
 820  0.8200  -0.7196
 821  0.8210  -0.7196
 822  0.8220  -0.7195
 823  0.8230  -0.7195
 824  0.8240  -0.7195
 825  0.8250  -0.7194
 826  0.8260  -0.7194
 827  0.8270  -0.7194
 828  0.8280  -0.7193
 829  0.8290  -0.7193
 830  0.8300  -0.7193
 831  0.8310  -0.7192
 832  0.8320  -0.7192
 833  0.8330  -0.7191
 834  0.8340  -0.7191
 835  0.8350  -0.7191
 836  0.8360  -0.7190
 837  0.8370  -0.7190
 838  0.8380  -0.7190
 839  0.8390  -0.7189
 840  0.8400  -0.7189
 841  0.8410  -0.7189
 842  0.8420  -0.7188
 843  0.8430  -0.7188
 844  0.8440  -0.7187
 845  0.8450  -0.7187
 846  0.8460  -0.7187
 847  0.8470  -0.7186
 848  0.8480  -0.7186
 849  0.8490  -0.7185
 850  0.8500  -0.7185
 851  0.8510  -0.7185
 852  0.8520  -0.7184
 853  0.8530  -0.7184
 854  0.8540  -0.7183
 855  0.8550  -0.7183
 856  0.8560  -0.7183
 857  0.8570  -0.7182
 858  0.8580  -0.7182
 859  0.8590  -0.7181
 860  0.8600  -0.7181
 861  0.8610  -0.7181
 862  0.8620  -0.7180
 863  0.8630  -0.7180
 864  0.8640  -0.7179
 865  0.8650  -0.7179
 866  0.8660  -0.7178
 867  0.8670  -0.7178
 868  0.8680  -0.7177
 869  0.8690  -0.7177
 870  0.8700  -0.7177
 871  0.8710  -0.7176
 872  0.8720  -0.7176
 873  0.8730  -0.7175
 874  0.8740  -0.7175
 875  0.8750  -0.7174
 876  0.8760  -0.7174
 877  0.8770  -0.7173
 878  0.8780  -0.7173
 879  0.8790  -0.7172
 880  0.8800  -0.7172
 881  0.8810  -0.7172
 882  0.8820  -0.7171
 883  0.8830  -0.7171
 884  0.8840  -0.7170
 885  0.8850  -0.7170
 886  0.8860  -0.7169
 887  0.8870  -0.7169
 888  0.8880  -0.7168
 889  0.8890  -0.7168
 890  0.8900  -0.7167
 891  0.8910  -0.7167
 892  0.8920  -0.7166
 893  0.8930  -0.7166
 894  0.8940  -0.7165
 895  0.8950  -0.7165
 896  0.8960  -0.7164
 897  0.8970  -0.7164
 898  0.8980  -0.7163
 899  0.8990  -0.7163
 900  0.9000  -0.7162
 901  0.9010  -0.7162
 902  0.9020  -0.7161
 903  0.9030  -0.7161
 904  0.9040  -0.7160
 905  0.9050  -0.7160
 906  0.9060  -0.7159
 907  0.9070  -0.7158
 908  0.9080  -0.7158
 909  0.9090  -0.7157
 910  0.9100  -0.7157
 911  0.9110  -0.7156
 912  0.9120  -0.7156
 913  0.9130  -0.7155
 914  0.9140  -0.7155
 915  0.9150  -0.7154
 916  0.9160  -0.7154
 917  0.9170  -0.7153
 918  0.9180  -0.7152
 919  0.9190  -0.7152
 920  0.9200  -0.7151
 921  0.9210  -0.7151
 922  0.9220  -0.7150
 923  0.9230  -0.7150
 924  0.9240  -0.7149
 925  0.9250  -0.7149
 926  0.9260  -0.7148
 927  0.9270  -0.7147
 928  0.9280  -0.7147
 929  0.9290  -0.7146
 930  0.9300  -0.7146
 931  0.9310  -0.7145
 932  0.9320  -0.7144
 933  0.9330  -0.7144
 934  0.9340  -0.7143
 935  0.9350  -0.7143
 936  0.9360  -0.7142
 937  0.9370  -0.7142
 938  0.9380  -0.7141
 939  0.9390  -0.7140
 940  0.9400  -0.7140
 941  0.9410  -0.7139
 942  0.9420  -0.7139
 943  0.9430  -0.7138
 944  0.9440  -0.7137
 945  0.9450  -0.7137
 946  0.9460  -0.7136
 947  0.9470  -0.7135
 948  0.9480  -0.7135
 949  0.9490  -0.7134
 950  0.9500  -0.7134
 951  0.9510  -0.7133
 952  0.9520  -0.7132
 953  0.9530  -0.7132
 954  0.9540  -0.7131
 955  0.9550  -0.7130
 956  0.9560  -0.7130
 957  0.9570  -0.7129
 958  0.9580  -0.7129
 959  0.9590  -0.7128
 960  0.9600  -0.7127
 961  0.9610  -0.7127
 962  0.9620  -0.7126
 963  0.9630  -0.7125
 964  0.9640  -0.7125
 965  0.9650  -0.7124
 966  0.9660  -0.7123
 967  0.9670  -0.7123
 968  0.9680  -0.7122
 969  0.9690  -0.7121
 970  0.9700  -0.7121
 971  0.9710  -0.7120
 972  0.9720  -0.7119
 973  0.9730  -0.7119
 974  0.9740  -0.7118
 975  0.9750  -0.7117
 976  0.9760  -0.7117
 977  0.9770  -0.7116
 978  0.9780  -0.7115
 979  0.9790  -0.7115
 980  0.9800  -0.7114
 981  0.9810  -0.7113
 982  0.9820  -0.7113
 983  0.9830  -0.7112
 984  0.9840  -0.7111
 985  0.9850  -0.7111
 986  0.9860  -0.7110
 987  0.9870  -0.7109
 988  0.9880  -0.7108
 989  0.9890  -0.7108
 990  0.9900  -0.7107
 991  0.9910  -0.7106
 992  0.9920  -0.7106
 993  0.9930  -0.7105
 994  0.9940  -0.7104
 995  0.9950  -0.7103
 996  0.9960  -0.7103
 997  0.9970  -0.7102
 998  0.9980  -0.7101
 999  0.9990  -0.7101
1000  1.0000  -0.7100
1001  1.0010  -0.7099
1002  1.0020  -0.7098
1003  1.0030  -0.7098
1004  1.0040  -0.7097
1005  1.0050  -0.7096
1006  1.0060  -0.7095
1007  1.0070  -0.7095
1008  1.0080  -0.7094
1009  1.0090  -0.7093
1010  1.0100  -0.7093
1011  1.0110  -0.7092
1012  1.0120  -0.7091
1013  1.0130  -0.7090
1014  1.0140  -0.7090
1015  1.0150  -0.7089
1016  1.0160  -0.7088
1017  1.0170  -0.7087
1018  1.0180  -0.7087
1019  1.0190  -0.7086
1020  1.0200  -0.7085
1021  1.0210  -0.7084
1022  1.0220  -0.7083
1023  1.0230  -0.7083
1024  1.0240  -0.7082
1025  1.0250  -0.7081
1026  1.0260  -0.7080
1027  1.0270  -0.7080
1028  1.0280  -0.7079
1029  1.0290  -0.7078
1030  1.0300  -0.7077
1031  1.0310  -0.7077
1032  1.0320  -0.7076
1033  1.0330  -0.7075
1034  1.0340  -0.7074
1035  1.0350  -0.7073
1036  1.0360  -0.7073
1037  1.0370  -0.7072
1038  1.0380  -0.7071
1039  1.0390  -0.7070
1040  1.0400  -0.7069
1041  1.0410  -0.7069
1042  1.0420  -0.7068
1043  1.0430  -0.7067
1044  1.0440  -0.7066
1045  1.0450  -0.7065
1046  1.0460  -0.7065
1047  1.0470  -0.7064
1048  1.0480  -0.7063
1049  1.0490  -0.7062
1050  1.0500  -0.7061
1051  1.0510  -0.7061
1052  1.0520  -0.7060
1053  1.0530  -0.7059
1054  1.0540  -0.7058
1055  1.0550  -0.7057
1056  1.0560  -0.7056
1057  1.0570  -0.7056
1058  1.0580  -0.7055
1059  1.0590  -0.7054
1060  1.0600  -0.7053
1061  1.0610  -0.7052
1062  1.0620  -0.7051
1063  1.0630  -0.7051
1064  1.0640  -0.7050
1065  1.0650  -0.7049
1066  1.0660  -0.7048
1067  1.0670  -0.7047
1068  1.0680  -0.7046
1069  1.0690  -0.7046
1070  1.0700  -0.7045
1071  1.0710  -0.7044
1072  1.0720  -0.7043
1073  1.0730  -0.7042
1074  1.0740  -0.7041
1075  1.0750  -0.7040
1076  1.0760  -0.7040
1077  1.0770  -0.7039
1078  1.0780  -0.7038
1079  1.0790  -0.7037
1080  1.0800  -0.7036
1081  1.0810  -0.7035
1082  1.0820  -0.7034
1083  1.0830  -0.7033
1084  1.0840  -0.7033
1085  1.0850  -0.7032
1086  1.0860  -0.7031
1087  1.0870  -0.7030
1088  1.0880  -0.7029
1089  1.0890  -0.7028
1090  1.0900  -0.7027
1091  1.0910  -0.7026
1092  1.0920  -0.7026
1093  1.0930  -0.7025
1094  1.0940  -0.7024
1095  1.0950  -0.7023
1096  1.0960  -0.7022
1097  1.0970  -0.7021
1098  1.0980  -0.7020
1099  1.0990  -0.7019
1100  1.1000  -0.7018
1101  1.1010  -0.7017
1102  1.1020  -0.7017
1103  1.1030  -0.7016
1104  1.1040  -0.7015
1105  1.1050  -0.7014
1106  1.1060  -0.7013
1107  1.1070  -0.7012
1108  1.1080  -0.7011
1109  1.1090  -0.7010
1110  1.1100  -0.7009
1111  1.1110  -0.7008
1112  1.1120  -0.7007
1113  1.1130  -0.7006
1114  1.1140  -0.7006
1115  1.1150  -0.7005
1116  1.1160  -0.7004
1117  1.1170  -0.7003
1118  1.1180  -0.7002
1119  1.1190  -0.7001
1120  1.1200  -0.7000
1121  1.1210  -0.6999
1122  1.1220  -0.6998
1123  1.1230  -0.6997
1124  1.1240  -0.6996
1125  1.1250  -0.6995
1126  1.1260  -0.6994
1127  1.1270  -0.6993
1128  1.1280  -0.6992
1129  1.1290  -0.6991
1130  1.1300  -0.6990
1131  1.1310  -0.6990
1132  1.1320  -0.6989
1133  1.1330  -0.6988
1134  1.1340  -0.6987
1135  1.1350  -0.6986
1136  1.1360  -0.6985
1137  1.1370  -0.6984
1138  1.1380  -0.6983
1139  1.1390  -0.6982
1140  1.1400  -0.6981
1141  1.1410  -0.6980
1142  1.1420  -0.6979
1143  1.1430  -0.6978
1144  1.1440  -0.6977
1145  1.1450  -0.6976
1146  1.1460  -0.6975
1147  1.1470  -0.6974
1148  1.1480  -0.6973
1149  1.1490  -0.6972
1150  1.1500  -0.6971
1151  1.1510  -0.6970
1152  1.1520  -0.6969
1153  1.1530  -0.6968
1154  1.1540  -0.6967
1155  1.1550  -0.6966
1156  1.1560  -0.6965
1157  1.1570  -0.6964
1158  1.1580  -0.6963
1159  1.1590  -0.6962
1160  1.1600  -0.6961
1161  1.1610  -0.6960
1162  1.1620  -0.6959
1163  1.1630  -0.6958
1164  1.1640  -0.6957
1165  1.1650  -0.6956
1166  1.1660  -0.6955
1167  1.1670  -0.6954
1168  1.1680  -0.6953
1169  1.1690  -0.6952
1170  1.1700  -0.6951
1171  1.1710  -0.6950
1172  1.1720  -0.6949
1173  1.1730  -0.6948
1174  1.1740  -0.6947
1175  1.1750  -0.6946
1176  1.1760  -0.6945
1177  1.1770  -0.6944
1178  1.1780  -0.6943
1179  1.1790  -0.6942
1180  1.1800  -0.6941
1181  1.1810  -0.6940
1182  1.1820  -0.6939
1183  1.1830  -0.6938
1184  1.1840  -0.6937
1185  1.1850  -0.6935
1186  1.1860  -0.6934
1187  1.1870  -0.6933
1188  1.1880  -0.6932
1189  1.1890  -0.6931
1190  1.1900  -0.6930
1191  1.1910  -0.6929
1192  1.1920  -0.6928
1193  1.1930  -0.6927
1194  1.1940  -0.6926
1195  1.1950  -0.6925
1196  1.1960  -0.6924
1197  1.1970  -0.6923
1198  1.1980  -0.6922
1199  1.1990  -0.6921
1200  1.2000  -0.6920
1201  1.2010  -0.6919
1202  1.2020  -0.6917
1203  1.2030  -0.6916
1204  1.2040  -0.6915
1205  1.2050  -0.6914
1206  1.2060  -0.6913
1207  1.2070  -0.6912
1208  1.2080  -0.6911
1209  1.2090  -0.6910
1210  1.2100  -0.6909
1211  1.2110  -0.6908
1212  1.2120  -0.6907
1213  1.2130  -0.6906
1214  1.2140  -0.6905
1215  1.2150  -0.6903
1216  1.2160  -0.6902
1217  1.2170  -0.6901
1218  1.2180  -0.6900
1219  1.2190  -0.6899
1220  1.2200  -0.6898
1221  1.2210  -0.6897
1222  1.2220  -0.6896
1223  1.2230  -0.6895
1224  1.2240  -0.6894
1225  1.2250  -0.6892
1226  1.2260  -0.6891
1227  1.2270  -0.6890
1228  1.2280  -0.6889
1229  1.2290  -0.6888
1230  1.2300  -0.6887
1231  1.2310  -0.6886
1232  1.2320  -0.6885
1233  1.2330  -0.6884
1234  1.2340  -0.6882
1235  1.2350  -0.6881
1236  1.2360  -0.6880
1237  1.2370  -0.6879
1238  1.2380  -0.6878
1239  1.2390  -0.6877
1240  1.2400  -0.6876
1241  1.2410  -0.6874
1242  1.2420  -0.6873
1243  1.2430  -0.6872
1244  1.2440  -0.6871
1245  1.2450  -0.6870
1246  1.2460  -0.6869
1247  1.2470  -0.6868
1248  1.2480  -0.6867
1249  1.2490  -0.6865
1250  1.2500  -0.6864
1251  1.2510  -0.6863
1252  1.2520  -0.6862
1253  1.2530  -0.6861
1254  1.2540  -0.6860
1255  1.2550  -0.6858
1256  1.2560  -0.6857
1257  1.2570  -0.6856
1258  1.2580  -0.6855
1259  1.2590  -0.6854
1260  1.2600  -0.6853
1261  1.2610  -0.6851
1262  1.2620  -0.6850
1263  1.2630  -0.6849
1264  1.2640  -0.6848
1265  1.2650  -0.6847
1266  1.2660  -0.6846
1267  1.2670  -0.6844
1268  1.2680  -0.6843
1269  1.2690  -0.6842
1270  1.2700  -0.6841
1271  1.2710  -0.6840
1272  1.2720  -0.6839
1273  1.2730  -0.6837
1274  1.2740  -0.6836
1275  1.2750  -0.6835
1276  1.2760  -0.6834
1277  1.2770  -0.6833
1278  1.2780  -0.6831
1279  1.2790  -0.6830
1280  1.2800  -0.6829
1281  1.2810  -0.6828
1282  1.2820  -0.6827
1283  1.2830  -0.6825
1284  1.2840  -0.6824
1285  1.2850  -0.6823
1286  1.2860  -0.6822
1287  1.2870  -0.6821
1288  1.2880  -0.6819
1289  1.2890  -0.6818
1290  1.2900  -0.6817
1291  1.2910  -0.6816
1292  1.2920  -0.6815
1293  1.2930  -0.6813
1294  1.2940  -0.6812
1295  1.2950  -0.6811
1296  1.2960  -0.6810
1297  1.2970  -0.6809
1298  1.2980  -0.6807
1299  1.2990  -0.6806
1300  1.3000  -0.6805
1301  1.3010  -0.6804
1302  1.3020  -0.6802
1303  1.3030  -0.6801
1304  1.3040  -0.6800
1305  1.3050  -0.6799
1306  1.3060  -0.6797
1307  1.3070  -0.6796
1308  1.3080  -0.6795
1309  1.3090  -0.6794
1310  1.3100  -0.6793
1311  1.3110  -0.6791
1312  1.3120  -0.6790
1313  1.3130  -0.6789
1314  1.3140  -0.6788
1315  1.3150  -0.6786
1316  1.3160  -0.6785
1317  1.3170  -0.6784
1318  1.3180  -0.6783
1319  1.3190  -0.6781
1320  1.3200  -0.6780
1321  1.3210  -0.6779
1322  1.3220  -0.6777
1323  1.3230  -0.6776
1324  1.3240  -0.6775
1325  1.3250  -0.6774
1326  1.3260  -0.6772
1327  1.3270  -0.6771
1328  1.3280  -0.6770
1329  1.3290  -0.6769
1330  1.3300  -0.6767
1331  1.3310  -0.6766
1332  1.3320  -0.6765
1333  1.3330  -0.6764
1334  1.3340  -0.6762
1335  1.3350  -0.6761
1336  1.3360  -0.6760
1337  1.3370  -0.6758
1338  1.3380  -0.6757
1339  1.3390  -0.6756
1340  1.3400  -0.6755
1341  1.3410  -0.6753
1342  1.3420  -0.6752
1343  1.3430  -0.6751
1344  1.3440  -0.6749
1345  1.3450  -0.6748
1346  1.3460  -0.6747
1347  1.3470  -0.6745
1348  1.3480  -0.6744
1349  1.3490  -0.6743
1350  1.3500  -0.6742
1351  1.3510  -0.6740
1352  1.3520  -0.6739
1353  1.3530  -0.6738
1354  1.3540  -0.6736
1355  1.3550  -0.6735
1356  1.3560  -0.6734
1357  1.3570  -0.6732
1358  1.3580  -0.6731
1359  1.3590  -0.6730
1360  1.3600  -0.6728
1361  1.3610  -0.6727
1362  1.3620  -0.6726
1363  1.3630  -0.6724
1364  1.3640  -0.6723
1365  1.3650  -0.6722
1366  1.3660  -0.6720
1367  1.3670  -0.6719
1368  1.3680  -0.6718
1369  1.3690  -0.6716
1370  1.3700  -0.6715
1371  1.3710  -0.6714
1372  1.3720  -0.6712
1373  1.3730  -0.6711
1374  1.3740  -0.6710
1375  1.3750  -0.6708
1376  1.3760  -0.6707
1377  1.3770  -0.6706
1378  1.3780  -0.6704
1379  1.3790  -0.6703
1380  1.3800  -0.6702
1381  1.3810  -0.6700
1382  1.3820  -0.6699
1383  1.3830  -0.6698
1384  1.3840  -0.6696
1385  1.3850  -0.6695
1386  1.3860  -0.6694
1387  1.3870  -0.6692
1388  1.3880  -0.6691
1389  1.3890  -0.6689
1390  1.3900  -0.6688
1391  1.3910  -0.6687
1392  1.3920  -0.6685
1393  1.3930  -0.6684
1394  1.3940  -0.6683
1395  1.3950  -0.6681
1396  1.3960  -0.6680
1397  1.3970  -0.6679
1398  1.3980  -0.6677
1399  1.3990  -0.6676
1400  1.4000  -0.6674
1401  1.4010  -0.6673
1402  1.4020  -0.6672
1403  1.4030  -0.6670
1404  1.4040  -0.6669
1405  1.4050  -0.6667
1406  1.4060  -0.6666
1407  1.4070  -0.6665
1408  1.4080  -0.6663
1409  1.4090  -0.6662
1410  1.4100  -0.6660
1411  1.4110  -0.6659
1412  1.4120  -0.6658
1413  1.4130  -0.6656
1414  1.4140  -0.6655
1415  1.4150  -0.6653
1416  1.4160  -0.6652
1417  1.4170  -0.6651
1418  1.4180  -0.6649
1419  1.4190  -0.6648
1420  1.4200  -0.6646
1421  1.4210  -0.6645
1422  1.4220  -0.6644
1423  1.4230  -0.6642
1424  1.4240  -0.6641
1425  1.4250  -0.6639
1426  1.4260  -0.6638
1427  1.4270  -0.6636
1428  1.4280  -0.6635
1429  1.4290  -0.6634
1430  1.4300  -0.6632
1431  1.4310  -0.6631
1432  1.4320  -0.6629
1433  1.4330  -0.6628
1434  1.4340  -0.6626
1435  1.4350  -0.6625
1436  1.4360  -0.6624
1437  1.4370  -0.6622
1438  1.4380  -0.6621
1439  1.4390  -0.6619
1440  1.4400  -0.6618
1441  1.4410  -0.6616
1442  1.4420  -0.6615
1443  1.4430  -0.6613
1444  1.4440  -0.6612
1445  1.4450  -0.6611
1446  1.4460  -0.6609
1447  1.4470  -0.6608
1448  1.4480  -0.6606
1449  1.4490  -0.6605
1450  1.4500  -0.6603
1451  1.4510  -0.6602
1452  1.4520  -0.6600
1453  1.4530  -0.6599
1454  1.4540  -0.6597
1455  1.4550  -0.6596
1456  1.4560  -0.6594
1457  1.4570  -0.6593
1458  1.4580  -0.6591
1459  1.4590  -0.6590
1460  1.4600  -0.6588
1461  1.4610  -0.6587
1462  1.4620  -0.6586
1463  1.4630  -0.6584
1464  1.4640  -0.6583
1465  1.4650  -0.6581
1466  1.4660  -0.6580
1467  1.4670  -0.6578
1468  1.4680  -0.6577
1469  1.4690  -0.6575
1470  1.4700  -0.6574
1471  1.4710  -0.6572
1472  1.4720  -0.6571
1473  1.4730  -0.6569
1474  1.4740  -0.6568
1475  1.4750  -0.6566
1476  1.4760  -0.6565
1477  1.4770  -0.6563
1478  1.4780  -0.6562
1479  1.4790  -0.6560
1480  1.4800  -0.6559
1481  1.4810  -0.6557
1482  1.4820  -0.6556
1483  1.4830  -0.6554
1484  1.4840  -0.6553
1485  1.4850  -0.6551
1486  1.4860  -0.6549
1487  1.4870  -0.6548
1488  1.4880  -0.6546
1489  1.4890  -0.6545
1490  1.4900  -0.6543
1491  1.4910  -0.6542
1492  1.4920  -0.6540
1493  1.4930  -0.6539
1494  1.4940  -0.6537
1495  1.4950  -0.6536
1496  1.4960  -0.6534
1497  1.4970  -0.6533
1498  1.4980  -0.6531
1499  1.4990  -0.6530
1500  1.5000  -0.6528
1501  1.5010  -0.6526
1502  1.5020  -0.6525
1503  1.5030  -0.6523
1504  1.5040  -0.6522
1505  1.5050  -0.6520
1506  1.5060  -0.6519
1507  1.5070  -0.6517
1508  1.5080  -0.6516
1509  1.5090  -0.6514
1510  1.5100  -0.6512
1511  1.5110  -0.6511
1512  1.5120  -0.6509
1513  1.5130  -0.6508
1514  1.5140  -0.6506
1515  1.5150  -0.6505
1516  1.5160  -0.6503
1517  1.5170  -0.6501
1518  1.5180  -0.6500
1519  1.5190  -0.6498
1520  1.5200  -0.6497
1521  1.5210  -0.6495
1522  1.5220  -0.6494
1523  1.5230  -0.6492
1524  1.5240  -0.6490
1525  1.5250  -0.6489
1526  1.5260  -0.6487
1527  1.5270  -0.6486
1528  1.5280  -0.6484
1529  1.5290  -0.6482
1530  1.5300  -0.6481
1531  1.5310  -0.6479
1532  1.5320  -0.6478
1533  1.5330  -0.6476
1534  1.5340  -0.6475
1535  1.5350  -0.6473
1536  1.5360  -0.6471
1537  1.5370  -0.6470
1538  1.5380  -0.6468
1539  1.5390  -0.6466
1540  1.5400  -0.6465
1541  1.5410  -0.6463
1542  1.5420  -0.6462
1543  1.5430  -0.6460
1544  1.5440  -0.6458
1545  1.5450  -0.6457
1546  1.5460  -0.6455
1547  1.5470  -0.6454
1548  1.5480  -0.6452
1549  1.5490  -0.6450
1550  1.5500  -0.6449
1551  1.5510  -0.6447
1552  1.5520  -0.6445
1553  1.5530  -0.6444
1554  1.5540  -0.6442
1555  1.5550  -0.6440
1556  1.5560  -0.6439
1557  1.5570  -0.6437
1558  1.5580  -0.6436
1559  1.5590  -0.6434
1560  1.5600  -0.6432
1561  1.5610  -0.6431
1562  1.5620  -0.6429
1563  1.5630  -0.6427
1564  1.5640  -0.6426
1565  1.5650  -0.6424
1566  1.5660  -0.6422
1567  1.5670  -0.6421
1568  1.5680  -0.6419
1569  1.5690  -0.6417
1570  1.5700  -0.6416
1571  1.5710  -0.6414
1572  1.5720  -0.6412
1573  1.5730  -0.6411
1574  1.5740  -0.6409
1575  1.5750  -0.6407
1576  1.5760  -0.6406
1577  1.5770  -0.6404
1578  1.5780  -0.6402
1579  1.5790  -0.6401
1580  1.5800  -0.6399
1581  1.5810  -0.6397
1582  1.5820  -0.6396
1583  1.5830  -0.6394
1584  1.5840  -0.6392
1585  1.5850  -0.6391
1586  1.5860  -0.6389
1587  1.5870  -0.6387
1588  1.5880  -0.6385
1589  1.5890  -0.6384
1590  1.5900  -0.6382
1591  1.5910  -0.6380
1592  1.5920  -0.6379
1593  1.5930  -0.6377
1594  1.5940  -0.6375
1595  1.5950  -0.6374
1596  1.5960  -0.6372
1597  1.5970  -0.6370
1598  1.5980  -0.6368
1599  1.5990  -0.6367
1600  1.6000  -0.6365
1601  1.6010  -0.6363
1602  1.6020  -0.6362
1603  1.6030  -0.6360
1604  1.6040  -0.6358
1605  1.6050  -0.6356
1606  1.6060  -0.6355
1607  1.6070  -0.6353
1608  1.6080  -0.6351
1609  1.6090  -0.6349
1610  1.6100  -0.6348
1611  1.6110  -0.6346
1612  1.6120  -0.6344
1613  1.6130  -0.6343
1614  1.6140  -0.6341
1615  1.6150  -0.6339
1616  1.6160  -0.6337
1617  1.6170  -0.6336
1618  1.6180  -0.6334
1619  1.6190  -0.6332
1620  1.6200  -0.6330
1621  1.6210  -0.6329
1622  1.6220  -0.6327
1623  1.6230  -0.6325
1624  1.6240  -0.6323
1625  1.6250  -0.6322
1626  1.6260  -0.6320
1627  1.6270  -0.6318
1628  1.6280  -0.6316
1629  1.6290  -0.6314
1630  1.6300  -0.6313
1631  1.6310  -0.6311
1632  1.6320  -0.6309
1633  1.6330  -0.6307
1634  1.6340  -0.6306
1635  1.6350  -0.6304
1636  1.6360  -0.6302
1637  1.6370  -0.6300
1638  1.6380  -0.6298
1639  1.6390  -0.6297
1640  1.6400  -0.6295
1641  1.6410  -0.6293
1642  1.6420  -0.6291
1643  1.6430  -0.6289
1644  1.6440  -0.6288
1645  1.6450  -0.6286
1646  1.6460  -0.6284
1647  1.6470  -0.6282
1648  1.6480  -0.6280
1649  1.6490  -0.6279
1650  1.6500  -0.6277
1651  1.6510  -0.6275
1652  1.6520  -0.6273
1653  1.6530  -0.6271
1654  1.6540  -0.6270
1655  1.6550  -0.6268
1656  1.6560  -0.6266
1657  1.6570  -0.6264
1658  1.6580  -0.6262
1659  1.6590  -0.6260
1660  1.6600  -0.6259
1661  1.6610  -0.6257
1662  1.6620  -0.6255
1663  1.6630  -0.6253
1664  1.6640  -0.6251
1665  1.6650  -0.6250
1666  1.6660  -0.6248
1667  1.6670  -0.6246
1668  1.6680  -0.6244
1669  1.6690  -0.6242
1670  1.6700  -0.6240
1671  1.6710  -0.6238
1672  1.6720  -0.6237
1673  1.6730  -0.6235
1674  1.6740  -0.6233
1675  1.6750  -0.6231
1676  1.6760  -0.6229
1677  1.6770  -0.6227
1678  1.6780  -0.6225
1679  1.6790  -0.6224
1680  1.6800  -0.6222
1681  1.6810  -0.6220
1682  1.6820  -0.6218
1683  1.6830  -0.6216
1684  1.6840  -0.6214
1685  1.6850  -0.6212
1686  1.6860  -0.6210
1687  1.6870  -0.6209
1688  1.6880  -0.6207
1689  1.6890  -0.6205
1690  1.6900  -0.6203
1691  1.6910  -0.6201
1692  1.6920  -0.6199
1693  1.6930  -0.6197
1694  1.6940  -0.6195
1695  1.6950  -0.6194
1696  1.6960  -0.6192
1697  1.6970  -0.6190
1698  1.6980  -0.6188
1699  1.6990  -0.6186
1700  1.7000  -0.6184
1701  1.7010  -0.6182
1702  1.7020  -0.6180
1703  1.7030  -0.6178
1704  1.7040  -0.6176
1705  1.7050  -0.6174
1706  1.7060  -0.6173
1707  1.7070  -0.6171
1708  1.7080  -0.6169
1709  1.7090  -0.6167
1710  1.7100  -0.6165
1711  1.7110  -0.6163
1712  1.7120  -0.6161
1713  1.7130  -0.6159
1714  1.7140  -0.6157
1715  1.7150  -0.6155
1716  1.7160  -0.6153
1717  1.7170  -0.6151
1718  1.7180  -0.6149
1719  1.7190  -0.6147
1720  1.7200  -0.6145
1721  1.7210  -0.6144
1722  1.7220  -0.6142
1723  1.7230  -0.6140
1724  1.7240  -0.6138
1725  1.7250  -0.6136
1726  1.7260  -0.6134
1727  1.7270  -0.6132
1728  1.7280  -0.6130
1729  1.7290  -0.6128
1730  1.7300  -0.6126
1731  1.7310  -0.6124
1732  1.7320  -0.6122
1733  1.7330  -0.6120
1734  1.7340  -0.6118
1735  1.7350  -0.6116
1736  1.7360  -0.6114
1737  1.7370  -0.6112
1738  1.7380  -0.6110
1739  1.7390  -0.6108
1740  1.7400  -0.6106
1741  1.7410  -0.6104
1742  1.7420  -0.6102
1743  1.7430  -0.6100
1744  1.7440  -0.6098
1745  1.7450  -0.6096
1746  1.7460  -0.6094
1747  1.7470  -0.6092
1748  1.7480  -0.6090
1749  1.7490  -0.6088
1750  1.7500  -0.6086
1751  1.7510  -0.6084
1752  1.7520  -0.6082
1753  1.7530  -0.6080
1754  1.7540  -0.6078
1755  1.7550  -0.6076
1756  1.7560  -0.6074
1757  1.7570  -0.6072
1758  1.7580  -0.6070
1759  1.7590  -0.6068
1760  1.7600  -0.6066
1761  1.7610  -0.6064
1762  1.7620  -0.6062
1763  1.7630  -0.6060
1764  1.7640  -0.6058
1765  1.7650  -0.6056
1766  1.7660  -0.6054
1767  1.7670  -0.6052
1768  1.7680  -0.6050
1769  1.7690  -0.6048
1770  1.7700  -0.6046
1771  1.7710  -0.6044
1772  1.7720  -0.6041
1773  1.7730  -0.6039
1774  1.7740  -0.6037
1775  1.7750  -0.6035
1776  1.7760  -0.6033
1777  1.7770  -0.6031
1778  1.7780  -0.6029
1779  1.7790  -0.6027
1780  1.7800  -0.6025
1781  1.7810  -0.6023
1782  1.7820  -0.6021
1783  1.7830  -0.6019
1784  1.7840  -0.6017
1785  1.7850  -0.6015
1786  1.7860  -0.6012
1787  1.7870  -0.6010
1788  1.7880  -0.6008
1789  1.7890  -0.6006
1790  1.7900  -0.6004
1791  1.7910  -0.6002
1792  1.7920  -0.6000
1793  1.7930  -0.5998
1794  1.7940  -0.5996
1795  1.7950  -0.5994
1796  1.7960  -0.5992
1797  1.7970  -0.5989
1798  1.7980  -0.5987
1799  1.7990  -0.5985
1800  1.8000  -0.5983
1801  1.8010  -0.5981
1802  1.8020  -0.5979
1803  1.8030  -0.5977
1804  1.8040  -0.5975
1805  1.8050  -0.5972
1806  1.8060  -0.5970
1807  1.8070  -0.5968
1808  1.8080  -0.5966
1809  1.8090  -0.5964
1810  1.8100  -0.5962
1811  1.8110  -0.5960
1812  1.8120  -0.5957
1813  1.8130  -0.5955
1814  1.8140  -0.5953
1815  1.8150  -0.5951
1816  1.8160  -0.5949
1817  1.8170  -0.5947
1818  1.8180  -0.5945
1819  1.8190  -0.5942
1820  1.8200  -0.5940
1821  1.8210  -0.5938
1822  1.8220  -0.5936
1823  1.8230  -0.5934
1824  1.8240  -0.5932
1825  1.8250  -0.5929
1826  1.8260  -0.5927
1827  1.8270  -0.5925
1828  1.8280  -0.5923
1829  1.8290  -0.5921
1830  1.8300  -0.5918
1831  1.8310  -0.5916
1832  1.8320  -0.5914
1833  1.8330  -0.5912
1834  1.8340  -0.5910
1835  1.8350  -0.5908
1836  1.8360  -0.5905
1837  1.8370  -0.5903
1838  1.8380  -0.5901
1839  1.8390  -0.5899
1840  1.8400  -0.5896
1841  1.8410  -0.5894
1842  1.8420  -0.5892
1843  1.8430  -0.5890
1844  1.8440  -0.5888
1845  1.8450  -0.5885
1846  1.8460  -0.5883
1847  1.8470  -0.5881
1848  1.8480  -0.5879
1849  1.8490  -0.5876
1850  1.8500  -0.5874
1851  1.8510  -0.5872
1852  1.8520  -0.5870
1853  1.8530  -0.5868
1854  1.8540  -0.5865
1855  1.8550  -0.5863
1856  1.8560  -0.5861
1857  1.8570  -0.5859
1858  1.8580  -0.5856
1859  1.8590  -0.5854
1860  1.8600  -0.5852
1861  1.8610  -0.5850
1862  1.8620  -0.5847
1863  1.8630  -0.5845
1864  1.8640  -0.5843
1865  1.8650  -0.5840
1866  1.8660  -0.5838
1867  1.8670  -0.5836
1868  1.8680  -0.5834
1869  1.8690  -0.5831
1870  1.8700  -0.5829
1871  1.8710  -0.5827
1872  1.8720  -0.5824
1873  1.8730  -0.5822
1874  1.8740  -0.5820
1875  1.8750  -0.5818
1876  1.8760  -0.5815
1877  1.8770  -0.5813
1878  1.8780  -0.5811
1879  1.8790  -0.5808
1880  1.8800  -0.5806
1881  1.8810  -0.5804
1882  1.8820  -0.5801
1883  1.8830  -0.5799
1884  1.8840  -0.5797
1885  1.8850  -0.5794
1886  1.8860  -0.5792
1887  1.8870  -0.5790
1888  1.8880  -0.5787
1889  1.8890  -0.5785
1890  1.8900  -0.5783
1891  1.8910  -0.5780
1892  1.8920  -0.5778
1893  1.8930  -0.5776
1894  1.8940  -0.5773
1895  1.8950  -0.5771
1896  1.8960  -0.5769
1897  1.8970  -0.5766
1898  1.8980  -0.5764
1899  1.8990  -0.5762
1900  1.9000  -0.5759
1901  1.9010  -0.5757
1902  1.9020  -0.5755
1903  1.9030  -0.5752
1904  1.9040  -0.5750
1905  1.9050  -0.5747
1906  1.9060  -0.5745
1907  1.9070  -0.5743
1908  1.9080  -0.5740
1909  1.9090  -0.5738
1910  1.9100  -0.5736
1911  1.9110  -0.5733
1912  1.9120  -0.5731
1913  1.9130  -0.5728
1914  1.9140  -0.5726
1915  1.9150  -0.5724
1916  1.9160  -0.5721
1917  1.9170  -0.5719
1918  1.9180  -0.5716
1919  1.9190  -0.5714
1920  1.9200  -0.5712
1921  1.9210  -0.5709
1922  1.9220  -0.5707
1923  1.9230  -0.5704
1924  1.9240  -0.5702
1925  1.9250  -0.5699
1926  1.9260  -0.5697
1927  1.9270  -0.5695
1928  1.9280  -0.5692
1929  1.9290  -0.5690
1930  1.9300  -0.5687
1931  1.9310  -0.5685
1932  1.9320  -0.5682
1933  1.9330  -0.5680
1934  1.9340  -0.5677
1935  1.9350  -0.5675
1936  1.9360  -0.5672
1937  1.9370  -0.5670
1938  1.9380  -0.5668
1939  1.9390  -0.5665
1940  1.9400  -0.5663
1941  1.9410  -0.5660
1942  1.9420  -0.5658
1943  1.9430  -0.5655
1944  1.9440  -0.5653
1945  1.9450  -0.5650
1946  1.9460  -0.5648
1947  1.9470  -0.5645
1948  1.9480  -0.5643
1949  1.9490  -0.5640
1950  1.9500  -0.5638
1951  1.9510  -0.5635
1952  1.9520  -0.5633
1953  1.9530  -0.5630
1954  1.9540  -0.5628
1955  1.9550  -0.5625
1956  1.9560  -0.5623
1957  1.9570  -0.5620
1958  1.9580  -0.5618
1959  1.9590  -0.5615
1960  1.9600  -0.5613
1961  1.9610  -0.5610
1962  1.9620  -0.5607
1963  1.9630  -0.5605
1964  1.9640  -0.5602
1965  1.9650  -0.5600
1966  1.9660  -0.5597
1967  1.9670  -0.5595
1968  1.9680  -0.5592
1969  1.9690  -0.5590
1970  1.9700  -0.5587
1971  1.9710  -0.5584
1972  1.9720  -0.5582
1973  1.9730  -0.5579
1974  1.9740  -0.5577
1975  1.9750  -0.5574
1976  1.9760  -0.5572
1977  1.9770  -0.5569
1978  1.9780  -0.5566
1979  1.9790  -0.5564
1980  1.9800  -0.5561
1981  1.9810  -0.5559
1982  1.9820  -0.5556
1983  1.9830  -0.5553
1984  1.9840  -0.5551
1985  1.9850  -0.5548
1986  1.9860  -0.5546
1987  1.9870  -0.5543
1988  1.9880  -0.5540
1989  1.9890  -0.5538
1990  1.9900  -0.5535
1991  1.9910  -0.5533
1992  1.9920  -0.5530
1993  1.9930  -0.5527
1994  1.9940  -0.5525
1995  1.9950  -0.5522
1996  1.9960  -0.5519
1997  1.9970  -0.5517
1998  1.9980  -0.5514
1999  1.9990  -0.5511
2000  2.0000  -0.5509
2001  2.0010  -0.5506
2002  2.0020  -0.5503
2003  2.0030  -0.5501
2004  2.0040  -0.5498
2005  2.0050  -0.5495
2006  2.0060  -0.5493
2007  2.0070  -0.5490
2008  2.0080  -0.5487
2009  2.0090  -0.5485
2010  2.0100  -0.5482
2011  2.0110  -0.5479
2012  2.0120  -0.5477
2013  2.0130  -0.5474
2014  2.0140  -0.5471
2015  2.0150  -0.5469
2016  2.0160  -0.5466
2017  2.0170  -0.5463
2018  2.0180  -0.5460
2019  2.0190  -0.5458
2020  2.0200  -0.5455
2021  2.0210  -0.5452
2022  2.0220  -0.5450
2023  2.0230  -0.5447
2024  2.0240  -0.5444
2025  2.0250  -0.5441
2026  2.0260  -0.5439
2027  2.0270  -0.5436
2028  2.0280  -0.5433
2029  2.0290  -0.5430
2030  2.0300  -0.5428
2031  2.0310  -0.5425
2032  2.0320  -0.5422
2033  2.0330  -0.5419
2034  2.0340  -0.5417
2035  2.0350  -0.5414
2036  2.0360  -0.5411
2037  2.0370  -0.5408
2038  2.0380  -0.5405
2039  2.0390  -0.5403
2040  2.0400  -0.5400
2041  2.0410  -0.5397
2042  2.0420  -0.5394
2043  2.0430  -0.5391
2044  2.0440  -0.5389
2045  2.0450  -0.5386
2046  2.0460  -0.5383
2047  2.0470  -0.5380
2048  2.0480  -0.5377
2049  2.0490  -0.5375
2050  2.0500  -0.5372
2051  2.0510  -0.5369
2052  2.0520  -0.5366
2053  2.0530  -0.5363
2054  2.0540  -0.5360
2055  2.0550  -0.5358
2056  2.0560  -0.5355
2057  2.0570  -0.5352
2058  2.0580  -0.5349
2059  2.0590  -0.5346
2060  2.0600  -0.5343
2061  2.0610  -0.5340
2062  2.0620  -0.5338
2063  2.0630  -0.5335
2064  2.0640  -0.5332
2065  2.0650  -0.5329
2066  2.0660  -0.5326
2067  2.0670  -0.5323
2068  2.0680  -0.5320
2069  2.0690  -0.5317
2070  2.0700  -0.5314
2071  2.0710  -0.5312
2072  2.0720  -0.5309
2073  2.0730  -0.5306
2074  2.0740  -0.5303
2075  2.0750  -0.5300
2076  2.0760  -0.5297
2077  2.0770  -0.5294
2078  2.0780  -0.5291
2079  2.0790  -0.5288
2080  2.0800  -0.5285
2081  2.0810  -0.5282
2082  2.0820  -0.5279
2083  2.0830  -0.5276
2084  2.0840  -0.5273
2085  2.0850  -0.5270
2086  2.0860  -0.5267
2087  2.0870  -0.5265
2088  2.0880  -0.5262
2089  2.0890  -0.5259
2090  2.0900  -0.5256
2091  2.0910  -0.5253
2092  2.0920  -0.5250
2093  2.0930  -0.5247
2094  2.0940  -0.5244
2095  2.0950  -0.5241
2096  2.0960  -0.5238
2097  2.0970  -0.5235
2098  2.0980  -0.5232
2099  2.0990  -0.5229
2100  2.1000  -0.5226
2101  2.1010  -0.5223
2102  2.1020  -0.5220
2103  2.1030  -0.5217
2104  2.1040  -0.5213
2105  2.1050  -0.5210
2106  2.1060  -0.5207
2107  2.1070  -0.5204
2108  2.1080  -0.5201
2109  2.1090  -0.5198
2110  2.1100  -0.5195
2111  2.1110  -0.5192
2112  2.1120  -0.5189
2113  2.1130  -0.5186
2114  2.1140  -0.5183
2115  2.1150  -0.5180
2116  2.1160  -0.5177
2117  2.1170  -0.5174
2118  2.1180  -0.5171
2119  2.1190  -0.5167
2120  2.1200  -0.5164
2121  2.1210  -0.5161
2122  2.1220  -0.5158
2123  2.1230  -0.5155
2124  2.1240  -0.5152
2125  2.1250  -0.5149
2126  2.1260  -0.5146
2127  2.1270  -0.5142
2128  2.1280  -0.5139
2129  2.1290  -0.5136
2130  2.1300  -0.5133
2131  2.1310  -0.5130
2132  2.1320  -0.5127
2133  2.1330  -0.5124
2134  2.1340  -0.5120
2135  2.1350  -0.5117
2136  2.1360  -0.5114
2137  2.1370  -0.5111
2138  2.1380  -0.5108
2139  2.1390  -0.5105
2140  2.1400  -0.5101
2141  2.1410  -0.5098
2142  2.1420  -0.5095
2143  2.1430  -0.5092
2144  2.1440  -0.5089
2145  2.1450  -0.5085
2146  2.1460  -0.5082
2147  2.1470  -0.5079
2148  2.1480  -0.5076
2149  2.1490  -0.5072
2150  2.1500  -0.5069
2151  2.1510  -0.5066
2152  2.1520  -0.5063
2153  2.1530  -0.5059
2154  2.1540  -0.5056
2155  2.1550  -0.5053
2156  2.1560  -0.5050
2157  2.1570  -0.5046
2158  2.1580  -0.5043
2159  2.1590  -0.5040
2160  2.1600  -0.5037
2161  2.1610  -0.5033
2162  2.1620  -0.5030
2163  2.1630  -0.5027
2164  2.1640  -0.5023
2165  2.1650  -0.5020
2166  2.1660  -0.5017
2167  2.1670  -0.5013
2168  2.1680  -0.5010
2169  2.1690  -0.5007
2170  2.1700  -0.5003
2171  2.1710  -0.5000
2172  2.1720  -0.4997
2173  2.1730  -0.4993
2174  2.1740  -0.4990
2175  2.1750  -0.4987
2176  2.1760  -0.4983
2177  2.1770  -0.4980
2178  2.1780  -0.4977
2179  2.1790  -0.4973
2180  2.1800  -0.4970
2181  2.1810  -0.4966
2182  2.1820  -0.4963
2183  2.1830  -0.4960
2184  2.1840  -0.4956
2185  2.1850  -0.4953
2186  2.1860  -0.4949
2187  2.1870  -0.4946
2188  2.1880  -0.4942
2189  2.1890  -0.4939
2190  2.1900  -0.4936
2191  2.1910  -0.4932
2192  2.1920  -0.4929
2193  2.1930  -0.4925
2194  2.1940  -0.4922
2195  2.1950  -0.4918
2196  2.1960  -0.4915
2197  2.1970  -0.4911
2198  2.1980  -0.4908
2199  2.1990  -0.4904
2200  2.2000  -0.4901
2201  2.2010  -0.4897
2202  2.2020  -0.4894
2203  2.2030  -0.4890
2204  2.2040  -0.4887
2205  2.2050  -0.4883
2206  2.2060  -0.4880
2207  2.2070  -0.4876
2208  2.2080  -0.4873
2209  2.2090  -0.4869
2210  2.2100  -0.4866
2211  2.2110  -0.4862
2212  2.2120  -0.4859
2213  2.2130  -0.4855
2214  2.2140  -0.4851
2215  2.2150  -0.4848
2216  2.2160  -0.4844
2217  2.2170  -0.4841
2218  2.2180  -0.4837
2219  2.2190  -0.4833
2220  2.2200  -0.4830
2221  2.2210  -0.4826
2222  2.2220  -0.4823
2223  2.2230  -0.4819
2224  2.2240  -0.4815
2225  2.2250  -0.4812
2226  2.2260  -0.4808
2227  2.2270  -0.4804
2228  2.2280  -0.4801
2229  2.2290  -0.4797
2230  2.2300  -0.4793
2231  2.2310  -0.4790
2232  2.2320  -0.4786
2233  2.2330  -0.4782
2234  2.2340  -0.4779
2235  2.2350  -0.4775
2236  2.2360  -0.4771
2237  2.2370  -0.4768
2238  2.2380  -0.4764
2239  2.2390  -0.4760
2240  2.2400  -0.4756
2241  2.2410  -0.4753
2242  2.2420  -0.4749
2243  2.2430  -0.4745
2244  2.2440  -0.4741
2245  2.2450  -0.4738
2246  2.2460  -0.4734
2247  2.2470  -0.4730
2248  2.2480  -0.4726
2249  2.2490  -0.4723
2250  2.2500  -0.4719
2251  2.2510  -0.4715
2252  2.2520  -0.4711
2253  2.2530  -0.4707
2254  2.2540  -0.4703
2255  2.2550  -0.4700
2256  2.2560  -0.4696
2257  2.2570  -0.4692
2258  2.2580  -0.4688
2259  2.2590  -0.4684
2260  2.2600  -0.4680
2261  2.2610  -0.4677
2262  2.2620  -0.4673
2263  2.2630  -0.4669
2264  2.2640  -0.4665
2265  2.2650  -0.4661
2266  2.2660  -0.4657
2267  2.2670  -0.4653
2268  2.2680  -0.4649
2269  2.2690  -0.4645
2270  2.2700  -0.4641
2271  2.2710  -0.4637
2272  2.2720  -0.4633
2273  2.2730  -0.4630
2274  2.2740  -0.4626
2275  2.2750  -0.4622
2276  2.2760  -0.4618
2277  2.2770  -0.4614
2278  2.2780  -0.4610
2279  2.2790  -0.4606
2280  2.2800  -0.4602
2281  2.2810  -0.4598
2282  2.2820  -0.4594
2283  2.2830  -0.4590
2284  2.2840  -0.4585
2285  2.2850  -0.4581
2286  2.2860  -0.4577
2287  2.2870  -0.4573
2288  2.2880  -0.4569
2289  2.2890  -0.4565
2290  2.2900  -0.4561
2291  2.2910  -0.4557
2292  2.2920  -0.4553
2293  2.2930  -0.4549
2294  2.2940  -0.4545
2295  2.2950  -0.4541
2296  2.2960  -0.4536
2297  2.2970  -0.4532
2298  2.2980  -0.4528
2299  2.2990  -0.4524
2300  2.3000  -0.4520
2301  2.3010  -0.4516
2302  2.3020  -0.4511
2303  2.3030  -0.4507
2304  2.3040  -0.4503
2305  2.3050  -0.4499
2306  2.3060  -0.4495
2307  2.3070  -0.4490
2308  2.3080  -0.4486
2309  2.3090  -0.4482
2310  2.3100  -0.4478
2311  2.3110  -0.4473
2312  2.3120  -0.4469
2313  2.3130  -0.4465
2314  2.3140  -0.4461
2315  2.3150  -0.4456
2316  2.3160  -0.4452
2317  2.3170  -0.4448
2318  2.3180  -0.4443
2319  2.3190  -0.4439
2320  2.3200  -0.4435
2321  2.3210  -0.4430
2322  2.3220  -0.4426
2323  2.3230  -0.4422
2324  2.3240  -0.4417
2325  2.3250  -0.4413
2326  2.3260  -0.4408
2327  2.3270  -0.4404
2328  2.3280  -0.4400
2329  2.3290  -0.4395
2330  2.3300  -0.4391
2331  2.3310  -0.4386
2332  2.3320  -0.4382
2333  2.3330  -0.4377
2334  2.3340  -0.4373
2335  2.3350  -0.4368
2336  2.3360  -0.4364
2337  2.3370  -0.4359
2338  2.3380  -0.4355
2339  2.3390  -0.4350
2340  2.3400  -0.4346
2341  2.3410  -0.4341
2342  2.3420  -0.4337
2343  2.3430  -0.4332
2344  2.3440  -0.4328
2345  2.3450  -0.4323
2346  2.3460  -0.4319
2347  2.3470  -0.4314
2348  2.3480  -0.4309
2349  2.3490  -0.4305
2350  2.3500  -0.4300
2351  2.3510  -0.4295
2352  2.3520  -0.4291
2353  2.3530  -0.4286
2354  2.3540  -0.4281
2355  2.3550  -0.4277
2356  2.3560  -0.4272
2357  2.3570  -0.4267
2358  2.3580  -0.4262
2359  2.3590  -0.4258
2360  2.3600  -0.4253
2361  2.3610  -0.4248
2362  2.3620  -0.4244
2363  2.3630  -0.4239
2364  2.3640  -0.4234
2365  2.3650  -0.4228
2366  2.3660  -0.4224
2367  2.3670  -0.4219
2368  2.3680  -0.4214
2369  2.3690  -0.4210
2370  2.3700  -0.4204
2371  2.3710  -0.4200
2372  2.3720  -0.4194
2373  2.3730  -0.4190
2374  2.3740  -0.4185
2375  2.3750  -0.4180
2376  2.3760  -0.4175
2377  2.3770  -0.4170
2378  2.3780  -0.4165
2379  2.3790  -0.4160
2380  2.3800  -0.4155
2381  2.3810  -0.4150
2382  2.3820  -0.4144
2383  2.3830  -0.4139
2384  2.3840  -0.4134
2385  2.3850  -0.4129
2386  2.3860  -0.4123
2387  2.3870  -0.4119
2388  2.3880  -0.4114
2389  2.3890  -0.4108
2390  2.3900  -0.4104
2391  2.3910  -0.4100
2392  2.3920  -0.4093
2393  2.3930  -0.4086
2394  2.3940  -0.4082
2395  2.3950  -0.4078
2396  2.3960  -0.4070
2397  2.3970  -0.4068
2398  2.3980  -0.4063
2399  2.3990  -0.4054
2400  2.4000  -0.4052
2401  2.4010  -0.4049
2402  2.4020  -0.4039
2403  2.4030  -0.4033
2404  2.4040  -0.4029
2405  2.4050  -0.4023
2406  2.4060  -0.4020
2407  2.4070  -0.4012
2408  2.4080  -0.4005
2409  2.4090  -0.3992
2410  2.4100  -0.3982
2411  2.4110  -0.3985
2412  2.4120  -0.3988
2413  2.4130  -0.3973
2414  2.4140  -0.3957
2415  2.4150  -0.3956
2416  2.4160  -0.3937
2417  2.4170  -0.3935
2418  2.4180  -0.3924
2419  2.4190  -0.3908
2420  2.4200  -0.3914
2421  2.4210  -0.3893
2422  2.4220  -0.3883
2423  2.4230  -0.3887
2424  2.4240  -0.3875
2425  2.4250  -0.3870
2426  2.4260  -0.3857
2427  2.4270  -0.3841
2428  2.4280  -0.3834
2429  2.4290  -0.3778
2430  2.4300  -0.3721
2431  2.4310  -0.3689
2432  2.4320  -0.3676
2433  2.4330  -0.3652
2434  2.4340  -0.3494
2435  2.4350  -0.3272
2436  2.4360  -0.3333
2437  2.4370  -0.3158
2438  2.4380  -0.2735
2439  2.4390  -0.1235
2440  2.4400   0.0000
2441  2.4410   0.0000
2442  2.4420   0.0000
