0 -0.392978 -0.812934 0.429776 0.00809148 -0.469514 0.801035 -0.371348 0.0355442
1 -0.259803 -0.564263 0.783651 0.0113586 0.0902061 0.732637 -0.674616 0.689495
2 -0.576704 -0.242718 0.780065 0.0068357 0.063363 -0.0107979 -0.997932 0.615423
3 -0.096226 0.796172 0.597369 0.00603584 0.34354 -0.373671 0.861597 0.888535
4 -0.384 -0.0288817 -0.922881 0.00288285 -0.494427 -0.336991 0.801236 0.325976
5 0.0522828 -0.294019 0.954369 0.0117747 -0.181191 0.345313 0.92083 0.68107
6 -0.0840018 -0.0764174 0.993531 0.00908425 -0.432732 0.808286 0.39927 0.251778
7 -0.515381 -0.388954 -0.763608 0.00454047 -0.722423 -0.0644198 -0.688444 0.144271
8 -0.444293 0.21955 0.868563 0.0123312 0.444932 0.420725 0.790586 0.0512135
9 -0.0813174 0.0701072 0.99422 0.00382777 -0.572306 0.327807 -0.75167 1.163
10 -0.0549506 -0.159999 0.985587 0.013467 -0.728873 0.573064 -0.374622 0.394904
11 -0.423158 0.705279 0.568787 0.00973316 -0.524983 -0.601446 0.602209 0.513379
12 -0.198703 0.871344 0.448639 0.0022712 -0.312783 -0.441712 0.840867 0.78053
13 0.806783 0.331838 0.488861 0.0091924 0.630567 -0.225964 -0.742513 0.269089
14 -0.295983 0.156138 0.942345 0.00649005 -0.057651 0.772334 -0.632595 1.29187
15 0.0964874 0.103394 -0.989949 0.013884 -0.696593 -0.62246 -0.356793 0.231036
16 0.165058 -0.216521 0.962224 0.00807332 0.720346 -0.119304 -0.683277 0.314203
17 0.881405 -0.46205 -0.0981632 0.0101725 0.238502 -0.468402 0.850715 0.971292
18 0.667725 -0.125915 -0.733682 0.00167905 -0.320794 0.809431 -0.491847 0.90581
19 -0.669457 0.0894229 0.737449 0.00246878 0.475048 -0.83935 0.264238 0.595503
20 -0.330632 0.825251 0.457869 0.00788347 -0.110206 -0.473815 0.873701 0.296814
21 -0.113934 -0.153478 -0.981562 0.00412346 -0.069968 0.555178 0.828783 0.36182
22 0.182955 0.452748 -0.872666 0.0100461 0.157756 0.949931 0.269713 0.193815
23 0.0355898 0.182433 0.982574 0.00239377 0.756073 -0.384997 -0.529274 1.15071
24 -0.404811 -0.64326 0.64988 0.00400545 0.452059 -0.0568331 -0.890175 0.388584
25 -0.426365 0.38772 -0.817243 0.00264383 0.852526 -0.0659424 -0.518509 1.22128
26 0.484627 0.680924 0.549071 0.00412581 -0.754955 0.572141 -0.320466 0.304259
27 -0.876787 0.473979 -0.0811661 0.00261219 -0.473718 -0.877086 0.0794497 0.0987217
28 0.191991 0.973215 0.126457 0.00993516 0.563658 0.439961 -0.699088 0.806255
29 0.277531 0.939622 -0.200218 0.010398 0.442948 0.827638 -0.344692 0.709347
30 0.56189 -0.816354 -0.133587 0.0138691 -0.208252 0.942772 -0.260409 0.0126812
31 -0.137719 0.935506 0.325365 0.00782362 -0.112187 -0.986745 0.11725 0.408308
32 0.489516 0.209179 0.846533 0.0138405 -0.380255 -0.883949 -0.272104 0.453102
33 0.0186839 -0.0553849 0.99829 0.00726968 0.452687 0.475343 0.754403 0.240765
34 0.486495 -0.0604789 0.871587 0.00833529 0.715302 0.0169753 -0.698609 0.851949
35 0.116147 -0.00430039 -0.993223 0.00822347 0.353628 0.418793 0.836397 0.544984
36 0.664897 -0.362488 -0.65308 0.0100683 -0.189912 -0.621541 -0.760013 0.912032
37 -0.303261 -0.308851 -0.901467 0.0101009 -0.503331 -0.477429 -0.720222 0.25424
38 -0.255075 0.671471 -0.695747 0.0132988 -0.416821 0.364099 -0.832882 0.190005
39 -0.529524 -0.521788 -0.668836 0.0123063 -0.12493 -0.185027 -0.97476 0.29077
40 0.0828457 0.996074 0.0312028 0.00602086 -0.125631 -0.325245 -0.937247 0.662213
41 -0.186796 -0.292207 -0.937935 0.00278385 0.834833 -0.389022 -0.389507 1.31387
42 0.538041 -0.726963 -0.426657 0.0115811 -0.474879 0.722105 -0.503044 0.708012
43 -0.483697 -0.669646 0.563571 0.000860271 0.130121 0.488551 -0.862778 0.668764
44 0.231494 -0.0434697 0.971865 0.00361243 -0.768146 0.629626 0.116289 0.109036
45 0.884936 0.345665 -0.312097 0.00438229 -0.260716 -0.93982 0.220831 0.151686
46 -0.0387282 -0.417611 -0.9078 0.00206417 0.226405 -0.754052 -0.61656 1.03228
47 -0.0249164 -0.247498 0.968568 0.0117852 0.815675 -0.405276 0.412826 0.918266
48 0.15911 -0.145835 -0.97643 0.0123424 0.381145 -0.784292 0.489505 0.0694935
49 0.114627 -0.00627058 0.993389 0.000814676 0.667235 -0.698309 0.259155 0.317321
50 -0.0197189 0.907887 -0.41875 0.00652503 0.487301 0.102913 -0.867148 0.950424
51 -0.701292 -0.378587 -0.604038 0.0076413 0.902684 0.376617 0.20814 0.0474185
52 0.042575 -0.996162 -0.0764828 0.00794661 -0.404067 0.874793 -0.267333 0.362721
53 -0.0602079 -0.935282 0.348743 0.0141608 -0.0425741 0.244283 0.968769 0.697941
54 -0.276148 -0.377559 -0.88385 0.0117328 0.698728 0.406179 0.588896 0.190948
55 -0.764275 -0.0160498 0.644691 0.00925115 0.311941 -0.34339 0.885876 0.258138
56 -0.0942264 0.143788 0.985112 0.00847238 -0.605318 -0.650585 0.458616 0.248373
57 -0.583495 0.647929 -0.489613 0.0128537 0.766927 -0.209334 0.606632 0.781578
58 -0.0155771 0.987578 0.156354 0.0133374 -0.0392463 -0.103124 0.993894 0.523752
59 0.193879 0.886587 0.419969 0.0138996 0.724645 -0.688668 -0.0250304 0.127397
60 -0.299008 -0.324441 0.897403 0.00572309 0.647237 -0.477145 0.594489 1.17363
61 -0.215157 0.0130325 -0.976492 0.00821868 -0.503925 -0.831777 0.232822 0.331079
62 -0.172134 -0.263224 0.949254 0.0109214 -0.970294 0.224768 -0.0894946 0.373883
63 0.232449 -0.736294 -0.635484 0.00215096 -0.316382 0.947577 -0.0447266 0.306538
64 -0.502212 0.462176 0.730874 0.00331405 -0.484336 -0.323798 0.812757 0.395107
65 0.0975837 -0.19889 -0.975151 0.0120683 0.176046 0.847089 -0.501445 1.49308
66 -0.76513 0.634982 -0.106651 0.00665455 0.820058 -0.542164 0.183203 0.443077
67 -0.370203 0.928657 0.0233439 0.00715673 0.466189 -0.0779675 -0.881243 0.683287
68 0.440224 0.70839 -0.551713 0.0128981 -0.964932 -0.217695 0.146679 0.515355
69 0.667183 0.743291 -0.0488298 0.00954086 0.925666 0.378342 0.000389115 0.888623
70 -0.0584339 -0.347319 -0.935925 0.00922549 0.621587 0.706409 -0.338551 1.11926
71 0.778171 0.0773989 0.623265 0.00996687 -0.728587 0.663908 -0.168486 0.264964
72 0.377521 0.802249 0.462465 0.00412297 -0.470017 -0.880934 0.0551324 0.539494
73 -0.0652074 -0.148385 -0.986778 0.0046963 -0.893121 -0.383754 0.234665 0.139556
74 0.0579234 -0.0789565 -0.995194 0.0111934 -0.935174 0.0652802 -0.348122 1.13597
75 -0.00998539 0.15238 -0.988271 0.011143 0.0918124 0.0203653 0.995568 0.60956
76 -0.0810489 -0.59738 0.797852 0.00876334 -0.606911 -0.333232 -0.721536 0.579106
77 0.509016 -0.634284 -0.581882 0.00766117 0.110824 0.843285 0.525916 0.819454
78 0.109602 -0.993935 -0.00896435 0.00787303 -0.851232 -0.285134 -0.440571 0.433131
79 0.145271 0.246226 -0.958264 0.0133466 -0.847027 0.496777 -0.189097 0.244249
80 -0.68355 0.25074 0.685484 0.00998115 -0.266232 0.127904 -0.955385 0.494462
81 -0.263319 0.408451 0.873974 0.0122106 0.464651 -0.32195 0.824892 0.160713
82 -0.691737 0.464816 0.552672 0.0124608 0.327329 -0.940604 -0.0901072 0.129786
83 -0.0130468 -0.916294 0.400295 0.00318188 -0.133083 0.738249 -0.661269 0.44707
84 0.0266895 0.0968919 -0.994937 0.00364643 0.368191 -0.453386 -0.811712 0.110114
85 0.0204166 -0.00725246 -0.999765 0.00770066 -0.090688 0.641136 -0.76205 0.324677
86 0.828702 0.174945 -0.531646 0.00750848 0.280575 0.827215 -0.486819 0.435109
87 -0.391536 0.888197 0.240429 0.000638432 -0.0385277 -0.973597 0.224998 0.0422863
88 0.257164 -0.966074 0.0238231 0.00789772 -0.974932 0.0203036 -0.221575 0.493447
89 -0.439511 -0.0322941 0.897657 0.00898018 0.615686 0.470305 -0.632253 1.05967
90 -0.229792 -0.891028 -0.39149 0.0090038 0.599414 0.0635332 0.797914 0.333838
91 -0.106907 -0.170896 -0.979472 0.00812444 -0.774562 -0.397296 -0.492148 0.0483417
92 0.0980178 -0.196902 0.975511 0.00862824 -0.565091 -0.591776 -0.574868 0.0969711
93 0.520091 -0.0322538 0.853502 0.0104446 0.425237 -0.799644 0.423961 1.03181
94 0.245782 0.884319 -0.396953 0.010179 -0.632632 -0.739978 0.228495 0.777458
95 -0.184372 0.97031 -0.156543 0.00683512 0.809916 0.585656 0.0322995 1.79527
96 0.34812 0.819549 -0.455139 0.00853879 0.95842 -0.227685 0.172018 0.285573
97 0.185209 0.964126 0.190157 0.00963071 0.0770436 0.974605 0.210258 0.146633
98 -0.491966 0.796926 -0.35054 0.00919796 -0.918374 -0.208327 0.336437 0.308482
99 -0.0295482 -0.0142018 0.999462 0.00589766 -0.19838 0.186971 -0.962126 0.124838
100 0.468145 0.666111 -0.580634 0.0053207 -0.0512619 -0.99847 0.0207208 0.0659671
101 0.0131822 -0.725465 0.688133 0.00180155 -0.074237 -0.298136 -0.951632 0.444929
102 0.97182 -0.0393413 0.232417 0.0108668 -0.710376 0.69264 0.124963 0.601025
103 0.0753841 -0.01477 -0.997045 0.00656687 0.925139 -0.0408276 -0.377427 0.221744
104 0.641978 0.171583 -0.747277 0.00198323 0.524407 0.0571098 0.84955 0.79927
105 -0.029944 -0.144131 -0.989105 0.00502336 0.76433 0.533877 -0.361629 0.641647
106 -0.0112375 0.0274072 -0.999561 0.00436969 -0.537041 -0.664011 -0.520266 0.328352
107 0.320544 0.943617 0.082695 0.0105054 0.326428 -0.904225 -0.275359 0.421382
108 0.0875334 0.01635 0.996027 0.00879756 -0.263166 -0.879027 -0.397562 0.20398
109 0.389554 0.545126 0.742351 0.0102364 0.938187 0.110905 -0.32788 0.560219
110 -0.862527 -0.00421754 -0.505994 0.00685533 -0.106251 -0.204394 -0.973105 1.28518
111 -0.552219 -0.480725 0.681144 0.0113582 0.568077 0.552035 -0.610366 0.587623
112 -0.379294 0.841558 0.384598 0.0040229 -0.598829 -0.579307 0.552999 1.01594
113 0.806203 -0.4492 -0.385041 0.0066745 0.347745 0.808254 0.475183 0.536088
114 -0.0432494 -0.862616 0.504008 0.00725112 0.235921 0.717902 0.654948 0.385034
115 0.11883 0.990371 -0.0710327 0.00327395 -0.219632 -0.0688633 -0.973149 0.1847
116 -0.104265 0.146646 -0.983679 0.00568561 -0.841421 -0.17613 0.510871 1.24105
117 0.661308 0.292086 0.69091 0.0127892 -0.732179 0.446443 0.514395 0.789935
118 0.513434 -0.100699 0.8522 0.0119872 -0.213709 -0.089789 0.972762 0.968961
119 -0.602866 -0.124314 -0.788098 0.0125812 -0.160756 0.435149 -0.885891 0.203022
120 0.187361 -0.327679 -0.926025 0.00289982 -0.70577 -0.0138554 -0.708305 0.189992
121 0.559893 -0.128329 -0.818567 0.0113189 -0.125002 -0.494978 0.859867 0.116429
122 -0.23129 0.177847 -0.956491 0.00506505 -0.562867 0.300248 0.770086 1.29757
123 0.0111469 -0.489445 0.871963 0.00270838 0.985205 0.112341 -0.129427 0.546501
124 0.587257 -0.385281 0.71182 0.00775578 0.0668246 0.840446 0.537759 0.181063
125 -0.795228 0.214423 0.56713 0.00444928 0.860497 0.449175 -0.240387 0.209704
126 -0.433412 0.591861 -0.679599 0.00819561 -0.220169 -0.971015 -0.0930362 1.68197
127 0.794615 -0.497459 0.348024 0.0128262 0.229645 0.964102 0.133303 0.42937
128 -0.471831 0.180817 -0.862949 0.00398759 -0.271447 -0.817608 0.507773 0.714439
129 -0.487257 0.0508712 0.871775 0.0115028 0.0896851 0.169729 -0.981401 0.328431
130 0.0587421 -0.032553 -0.997742 0.01171 0.280781 -0.224449 -0.933159 0.234029
131 0.74066 0.428078 -0.517854 0.00513903 -0.339066 0.93726 0.0811048 0.261347
132 0.0419329 0.999101 -0.00627988 0.00304103 -0.951994 0.305672 0.0164963 1.01564
133 -0.0626221 -0.065967 -0.995855 0.00672996 -0.768945 -0.28111 0.574196 0.324949
134 0.112444 -0.0411857 0.992804 0.00483882 0.755881 0.299271 -0.582306 0.234133
135 0.952662 0.286007 -0.103124 0.0122928 0.198645 -0.256435 -0.945929 1.56047
136 0.0130809 0.0377689 0.999201 0.00811653 0.249702 0.89281 0.374884 0.15579
137 0.2846 -0.320016 -0.903655 0.00897221 0.139484 0.136585 0.980759 0.229189
138 0.138584 0.0496479 0.989105 0.0142337 -0.477013 0.87877 0.0149181 0.107627
139 0.251817 -0.531678 -0.808645 0.00463935 -0.93872 -0.225981 0.260264 0.29406
140 -0.726599 -0.0444312 0.685624 0.011367 -0.473013 -0.42483 0.771867 0.558468
141 0.938892 -0.335343 0.0776299 0.00932647 0.204108 0.429194 0.879848 0.716477
142 -0.137605 0.304843 -0.942409 0.0020739 0.846325 -0.282518 0.451572 1.11894
143 0.476924 -0.220671 0.850793 0.0121716 0.356788 0.928195 0.10562 0.200245
144 -0.511037 -0.562244 -0.650171 0.000924604 0.690272 0.416894 0.591375 0.584376
145 0.0718225 0.00927849 -0.997374 0.0087833 0.608427 -0.653462 0.450338 0.5481
146 0.222171 -0.0445041 0.973991 0.00874021 0.539556 0.030671 -0.841391 0.961648
147 0.063798 -0.876893 0.476433 0.00249689 0.471414 0.859662 0.196851 1.35365
148 0.735458 0.326861 -0.593518 0.00462168 0.60431 0.723613 -0.333457 0.810452
149 0.676843 0.734838 0.0435622 0.006569 -0.999286 -0.00626364 -0.0372599 0.493482
150 -0.907472 -0.21708 0.359682 0.00498256 -0.411627 -0.909953 -0.0504936 0.448237
151 0.352062 -0.598297 -0.719787 0.00226022 -0.204144 0.978934 0.00353425 0.693257
152 -0.17926 -0.211609 0.960775 0.0136396 -0.811875 -0.259608 0.522937 0.36901
153 -0.581743 -0.653757 -0.483918 0.00865061 0.422017 -0.317759 -0.849076 1.43476
154 0.0170328 0.0178019 -0.999696 0.00552423 0.512038 0.835186 -0.200702 0.434841
155 0.0057956 0.035767 0.999343 0.00953427 -0.477336 0.215173 0.851969 1.28223
156 -0.676696 -0.736235 -0.00627988 0.0056742 -0.74167 -0.67037 -0.0230134 1.54895
157 -0.293948 -0.0772673 0.952693 0.0108834 -0.53733 -0.633396 -0.556853 0.534438
158 0.889591 -0.354185 0.288412 0.00202318 -0.575111 0.794086 -0.196659 0.24585
159 0.0657981 -0.0258615 0.997498 0.00591874 0.837601 0.51912 -0.170116 0.780644
160 -0.624452 -0.7286 0.281427 0.00285386 0.300116 0.817597 0.491392 0.72714
161 -0.384355 -0.499111 -0.776634 0.0131451 -0.721291 -0.627544 -0.293135 0.683718
162 0.0193456 -0.623527 -0.781562 0.0119364 0.267537 0.895986 0.354448 0.539592
163 -0.0989774 -0.324203 -0.940795 0.00339892 -0.558258 0.459315 0.690925 0.683302
164 -0.981645 -0.0468115 -0.184883 0.0071888 -0.619625 0.732417 -0.282188 0.544879
165 0.194733 -0.0627218 -0.978849 0.0103365 0.780282 0.415127 0.467792 0.533596
166 0.943191 0.275491 -0.185731 0.0116316 -0.703386 -0.502703 0.502532 0.0466153
167 0.0593013 0.978242 -0.198809 0.00402824 -0.197868 0.9169 -0.346616 0.0951357
168 0.465216 0.884657 0.0309153 0.0126052 -0.0692366 0.459804 0.885317 0.207422
169 0.370732 -0.655068 -0.658365 0.0100975 -0.745842 0.268605 0.609566 1.50027
170 -0.120656 -0.255319 -0.959299 0.0114283 0.439462 0.0849729 0.894233 0.584599
171 -0.280695 -0.0253932 0.959461 0.0105248 0.608168 -0.738279 -0.291678 0.537491
172 -0.0880684 0.326681 -0.941023 0.00739691 0.401544 0.413933 0.816959 0.943093
173 -0.18634 0.384344 0.904188 0.00477854 0.853438 0.0828625 -0.514565 1.06373
174 -0.226711 -0.965928 -0.12484 0.00113512 0.0201976 -0.428384 0.903371 0.270445
175 0.069772 0.701831 -0.708918 0.012226 -0.290102 0.745818 0.599663 0.473758
176 0.0186023 -0.0962388 0.995184 0.00307997 -0.949919 -0.250655 -0.186619 0.0764665
177 0.0727467 0.974078 0.214194 0.00567939 0.525672 0.753852 0.394177 0.374886
178 -0.662652 -0.603055 -0.444092 0.00517885 0.915082 -0.179399 0.361165 0.146336
179 -0.595294 -0.510053 0.620863 0.0137483 -0.962686 0.122151 -0.241485 0.424381
180 0.682831 0.0431349 0.729302 0.00661744 -0.048539 0.963265 -0.264131 0.374495
181 -0.221395 -0.889438 0.399855 0.00239679 -0.705931 0.454762 -0.543003 0.142991
182 0.430981 -0.355514 0.829376 0.0103986 -0.0634601 -0.971125 0.229974 0.61919
183 -0.0235007 0.728168 0.684996 0.00634433 0.547156 -0.533615 -0.644884 1.63689
184 -0.453848 -0.628322 -0.631849 0.0144823 -0.308189 0.757873 -0.57502 0.138639
185 -0.118088 0.991417 0.0561063 0.00899907 -0.0603233 -0.879912 -0.471293 0.705505
186 -0.309817 0.341914 0.887191 0.0101218 0.723505 -0.690278 0.00757943 0.913217
187 0.122504 -0.483633 -0.866656 0.0122324 0.177259 0.362967 -0.914787 0.367199
188 -0.192258 -0.961459 -0.196554 0.0085867 0.16373 0.781523 -0.602009 1.04133
189 0.506255 -0.266876 0.820051 0.00176572 0.589566 0.798502 0.121685 1.1892
190 -0.0953137 0.300006 0.949164 0.012355 0.224769 0.881564 -0.415119 1.12303
191 -0.113924 0.13088 -0.984831 0.00823202 -0.644324 -0.572733 0.506778 0.689247
192 -0.167191 -0.0749781 0.983069 0.0134916 0.372938 0.106707 0.9217 0.76417
193 0.115947 -0.188994 0.975109 0.00501665 0.82066 -0.556468 -0.12985 0.977143
194 -0.10565 -0.180214 -0.977937 0.00155646 -0.248825 0.928698 0.274964 0.342356
195 -0.423351 0.00661663 -0.905942 0.00604814 -0.716776 -0.523653 -0.460456 0.390213
196 -0.432756 -0.0245476 0.901177 0.0070212 0.636759 0.69868 0.326165 0.477513
197 -0.66341 0.0204238 -0.747977 0.00545672 0.335628 -0.619374 -0.709739 0.528281
198 -0.172583 -0.114342 0.978336 0.00475599 -0.164525 0.403089 -0.90025 0.276396
199 -0.663889 0.030383 0.747213 0.00667856 0.959386 -0.169703 -0.225342 0.59152
200 0.499947 0.468213 -0.72858 0.00841119 0.688058 0.27081 0.673229 1.23276
201 0.126079 0.768744 0.627007 0.00327664 0.109163 0.59927 -0.79307 0.65702
202 -0.231213 0.280925 -0.931462 0.0141587 0.670694 -0.14258 0.727901 0.190575
203 -0.804665 0.32476 -0.497036 0.00438516 0.984543 -0.175126 -0.00243107 0.268589
204 -0.750592 -0.556142 -0.356817 0.0117846 -0.586545 -0.673245 0.450229 0.820761
205 0.719391 0.69182 -0.062136 0.00937332 0.289938 0.642499 0.709318 0.762638
206 0.083654 0.0194947 -0.996304 0.00967423 0.232487 0.838317 -0.493127 0.336992
207 0.253318 -0.948698 0.189216 0.00161579 -0.861972 -0.284099 -0.419872 0.848061
208 0.336155 0.309178 0.889612 0.0038202 -0.987841 -0.155432 0.0031875 0.991621
209 0.404787 -0.288358 0.867754 0.00973292 -0.57003 -0.81676 -0.089272 0.636563
210 -0.171481 0.802958 -0.570835 0.0122211 -0.426555 -0.725083 -0.540654 0.76937
211 -0.324168 0.165797 0.931357 0.00564173 0.282412 0.438703 0.853102 0.387493
212 -0.57955 0.559589 -0.592437 0.00686366 0.505159 0.348452 -0.789555 0.836314
213 0.613401 -0.671623 -0.415526 0.0121373 -0.781904 -0.542737 0.306697 0.849498
214 0.954131 -0.294444 0.0541917 0.0113629 0.638097 0.769952 -0.00261094 0.890998
215 -0.0257689 -0.0155569 -0.999547 0.0116069 -0.955821 -0.230277 0.182697 0.941022
216 0.0254105 -0.0285836 -0.999268 0.00331445 0.0414292 0.254321 0.966232 0.175814
217 -0.334553 -0.867143 -0.368968 0.00524529 0.836394 0.387541 0.387631 0.997108
218 0.230995 0.967893 -0.0991173 0.0071607 0.0317705 0.995921 0.0844564 0.324178
219 -0.942484 -0.00334342 0.334235 0.0131161 -0.262672 -0.961723 -0.0780523 0.391795
220 -0.852114 0.450974 -0.265565 0.00623809 0.572592 0.57053 -0.588756 0.672247
221 -0.184828 0.237929 0.953535 0.00695802 0.960398 -0.271873 -0.0609938 0.268782
222 -0.86209 0.500579 -0.0788725 0.0078592 -0.358599 0.916619 0.17668 0.494362
223 -0.782045 -0.498295 -0.374308 0.0030201 -0.11507 -0.977852 -0.174825 0.659892
224 -0.612971 -0.634411 -0.470945 0.0117581 0.0773902 -0.949389 0.30442 1.03143
225 0.740803 -0.564335 -0.364329 0.00743472 0.909772 0.41504 0.00756189 0.303024
226 0.671498 0.670758 0.31492 0.010922 -0.541144 -0.788022 0.293573 1.29335
227 0.165339 -0.484284 0.859146 0.00153797 -0.352006 0.171009 -0.920243 0.654132
228 -0.890447 -0.0469132 -0.452662 0.00242755 0.66767 0.265567 0.695479 0.349125
229 -0.464918 0.324719 -0.823656 0.0121308 -0.971705 -0.148149 -0.183962 0.683096
230 -0.94649 0.321469 0.0285195 0.00741195 -0.886976 0.124998 0.444578 0.902707
231 -0.310513 0.945838 0.0947278 0.0125719 -0.492267 0.839768 -0.22905 0.315127
232 0.87701 0.377949 0.296663 0.0107229 0.767911 0.422012 -0.48189 0.187525
233 0.232811 0.278322 0.931845 0.00918963 -0.922336 0.372976 -0.100927 0.674813
234 0.207194 -0.977981 -0.0249733 0.00954566 0.826656 0.357574 0.434489 0.149019
235 0.384164 -0.253093 -0.887898 0.0121231 0.182392 -0.938744 -0.292392 0.236348
236 -0.897879 0.438776 -0.0358981 0.00161386 0.27358 -0.946567 -0.170778 0.863018
237 -0.0129037 -0.918621 0.394928 0.0119671 -0.578414 -0.688015 0.438261 0.690507
238 -0.29651 -0.273925 0.914903 0.0105415 0.434681 0.898935 -0.0544893 0.06414
239 0.502892 -0.601201 0.621013 0.00917339 -0.894854 -0.284099 0.344272 1.32937
240 0.482801 -0.663167 0.571937 0.001208 -0.850281 -0.391357 -0.35194 0.49615
241 0.909763 -0.373583 0.181019 0.012558 -0.611904 -0.217786 0.760357 1.00317
242 0.165147 -0.424533 -0.890224 0.0144121 -0.525243 -0.708444 -0.47141 0.579396
243 -0.152816 0.262511 -0.952751 0.0100534 0.186786 -0.33315 -0.924187 1.13797
244 0.699816 0.651878 -0.292082 0.014242 0.607565 0.780843 0.145426 0.219105
245 -0.191764 0.274027 0.942409 0.000726997 -0.0473882 0.99887 0.00355993 1.08523
246 0.00810841 -0.194081 0.980952 0.0014274 -0.303624 0.603057 -0.737654 0.402779
247 0.31524 0.0867212 0.945041 0.00201378 0.450611 -0.0247077 -0.892378 0.484734
248 0.0295156 -0.0332656 0.999011 0.0121973 0.968186 -0.116738 0.221333 0.665007
249 -0.335932 -0.9192 0.205476 0.00670624 0.894244 0.441354 -0.0743927 0.13453
250 -0.171551 0.741126 -0.649078 0.00714177 0.251041 -0.809146 0.531283 1.45949
251 -0.0986536 0.321376 -0.941799 0.0033681 -0.410972 0.27425 -0.869419 0.799308
252 -0.0610781 -0.0281541 -0.997736 0.00812426 0.832765 0.321242 0.450894 1.21146
253 0.751375 0.234717 -0.61672 0.00251297 0.481077 -0.116289 0.868932 0.732333
254 0.301086 -0.0619952 0.95158 0.00181498 0.0990075 -0.935313 -0.339687 0.623908
255 0.360093 0.548006 -0.754999 0.0128991 0.75839 0.613323 0.220633 0.121393
256 -0.266921 0.905298 -0.330437 0.00872449 0.305761 -0.245736 -0.91985 0.0285706
257 0.550659 -0.48132 0.681986 0.00130386 -0.213652 -0.697784 -0.683703 0.445694
258 0.893817 0.250685 0.371818 0.00141079 -0.755338 -0.0987668 -0.64785 0.900051
259 0.247044 0.384744 -0.889349 0.011365 -0.451748 0.887941 0.0865082 0.765783
260 0.000198353 0.000938025 1 0.0102284 0.453062 -0.223643 -0.862971 0.158536
261 -0.614013 0.0364831 0.788452 0.00898973 0.11829 -0.992569 -0.0285361 0.0188742
262 -0.185625 0.677177 -0.712022 0.0126549 0.75849 0.585284 -0.286592 0.16583
263 0.0361391 -0.0175191 0.999193 0.00631774 -0.721758 -0.593747 -0.355711 1.22557
264 0.606278 0.662293 -0.440222 0.00507686 -0.281315 0.935579 -0.213433 0.163128
265 -0.26799 0.188555 0.94479 0.00458457 0.752451 0.639114 -0.159219 0.121024
266 -0.424059 0.731035 -0.534567 0.00707012 -0.795717 0.541251 -0.271813 0.136166
267 0.232953 -0.971972 -0.031682 0.00884788 0.383645 0.107747 -0.917174 0.762904
268 -0.235335 0.0426743 0.970977 0.00538989 -0.245891 0.424929 -0.87119 1.23098
269 0.76143 0.648233 -0.00417063 0.00528533 -0.812707 0.274611 -0.513903 1.41128
270 0.0340798 -0.871837 0.48861 0.00418825 -0.715216 0.147963 -0.683061 0.247324
271 -0.428318 -0.317611 0.845971 0.0073955 0.720788 0.230845 0.653587 0.274578
272 0.831599 -0.522389 0.188557 0.00899748 0.243829 0.966785 -0.0766431 0.117274
273 -0.916553 0.399897 0.00359537 0.0114612 -0.169661 -0.935871 0.308806 0.379765
274 -0.0403289 0.156006 -0.986932 0.0101115 0.669355 -0.544015 0.505977 0.144935
275 0.130906 0.403571 -0.905535 0.00522365 -0.877962 0.257204 0.403768 0.864234
276 0.00353574 -0.042217 -0.999102 0.00818145 -0.797846 -0.318056 -0.512134 0.389691
277 0.411173 -0.557781 -0.720984 0.00333398 -0.9274 -0.301683 0.221172 0.0961518
278 -0.179753 -0.886537 0.42631 0.00223183 0.779195 -0.626689 0.010824 0.650936
279 0.54458 -0.213561 -0.811063 0.0120699 -0.878081 -0.446589 0.171849 0.427077
280 -0.885553 0.163565 0.434791 0.0122673 -0.881981 0.25158 -0.398519 0.489818
281 0.135875 0.0938001 0.986276 0.00183085 -0.856083 0.516346 0.022551 0.863488
282 0.0232242 0.986496 0.162128 0.00769343 -0.0756102 -0.538521 -0.839213 1.16939
283 0.127305 0.981364 -0.143937 0.0107593 0.840023 -0.539819 -0.0543803 0.666289
284 -0.854584 -0.516367 0.0552448 0.0106339 0.270338 0.759035 -0.592269 0.859346
285 -0.800734 0.597825 -0.0378144 0.00416393 -0.336655 0.690581 -0.640127 1.1155
286 0.509421 0.40581 -0.758821 0.00385902 0.499637 -0.138594 0.855076 0.275231
287 -0.0524853 -0.21706 0.974746 0.0127912 -0.0238354 0.370757 0.928424 0.784512
288 0.0249578 0.239832 -0.970494 0.00875129 0.375151 -0.41346 -0.829646 0.166238
289 -0.500044 -0.0891905 -0.861395 0.00361405 0.217468 0.738168 0.638604 0.0837297
290 0.749029 -0.149294 -0.645497 0.00660981 0.811975 0.58096 0.0564049 0.197025
291 -0.657594 -0.0391991 -0.752352 0.00897237 0.831591 0.294037 0.471167 0.036289
292 0.35389 0.561508 0.747977 0.00723675 0.760341 -0.0837436 0.644103 0.198888
293 -0.786587 0.467899 -0.402929 0.00126284 0.43838 -0.0438417 -0.89772 0.145258
294 -0.879717 -0.0198243 -0.475084 0.000966353 0.205573 -0.465033 -0.861095 0.632511
295 0.790823 -0.466833 0.395809 0.00565223 -0.767751 0.467006 -0.438708 1.46954
296 -0.64396 0.730981 -0.225791 0.00106645 0.763424 0.517989 0.385838 0.76288
297 0.742291 -0.138797 0.655546 0.0025155 0.00440639 0.195942 0.980606 0.251992
298 0.13733 0.160141 0.977494 0.00145309 0.144136 -0.272579 0.951276 0.622621
299 -0.88966 0.444737 -0.103505 0.0122683 0.76059 -0.569397 0.311912 1.2681
300 -0.161472 -0.94535 0.283267 0.000934797 -0.92094 0.380139 -0.0858175 1.69513
301 -0.990591 0.00598348 0.136722 0.0113872 0.642718 -0.431454 0.633057 1.16286
302 0.981791 0.127408 -0.1409 0.003002 -0.935531 0.350613 -0.0430274 0.486755
303 -0.728511 -0.684238 0.0330235 0.0097566 -0.858923 -0.0890521 -0.504303 0.622976
304 -0.11874 0.910547 -0.395985 0.00100313 0.499348 0.823543 -0.269124 0.173322
305 0.326191 -0.190117 0.925989 0.0127643 0.325028 -0.329313 -0.886516 0.950831
306 -0.790798 0.593958 0.147825 0.00583442 0.373919 -0.927068 0.0270075 0.724896
307 -0.00171001 0.0936145 -0.995607 0.0126503 0.414313 -0.475928 0.775782 0.898385
308 0.367569 -0.808702 -0.459232 0.0137828 0.140388 0.943598 -0.299856 0.491947
309 0.000652305 -0.0103339 0.999946 0.0087949 0.361609 -0.647078 -0.671215 0.115336
310 0.578344 0.610289 -0.541356 0.00347235 -0.709339 0.199006 0.676192 1.11677
311 0.853149 0.231357 -0.467558 0.00120748 0.625893 0.772635 0.106267 0.527672
312 -0.0253377 -0.088946 0.995714 0.00627493 -0.633738 -0.749102 0.192929 1.33551
313 0.173284 -0.7582 0.628574 0.00443442 0.58022 -0.626592 -0.520314 1.08494
314 -0.0678879 -0.145822 0.986979 0.0063027 0.268333 0.476409 -0.837276 0.187434
315 0.598531 -0.28015 -0.750517 0.0069236 0.659325 -0.0237481 -0.751483 0.630145
316 -0.613054 -0.451872 0.648056 0.0127116 -0.0353215 -0.992549 -0.116613 0.598821
317 0.265711 0.0444288 0.963029 0.0124431 0.546695 -0.723571 -0.42139 0.205521
318 -0.172878 0.905091 -0.388489 0.00150641 0.192477 -0.675315 -0.711971 1.12034
319 -0.438646 0.897285 0.0496916 0.00958548 -0.927245 0.297818 -0.226981 0.202492
320 0.568397 0.506714 0.648202 0.0117914 -0.502768 0.864028 -0.0260815 0.0447648
321 0.0164794 0.000591172 0.999864 0.00416802 -0.270224 0.562947 -0.78107 0.286897
322 0.53827 -0.36357 -0.760317 0.0104165 0.853924 0.3909 0.343528 0.474792
323 0.330045 -0.201807 -0.922141 0.00582621 0.91052 0.328834 0.250643 0.440758
324 0.95163 0.219268 -0.215224 0.0108679 0.0660892 0.902308 0.425995 0.404673
325 -0.995977 -0.0837512 -0.0318736 0.00270939 -0.807023 -0.108569 -0.580454 0.402358
326 0.181988 -0.829161 0.528557 0.00588337 -0.894344 0.405312 0.189398 0.294379
327 0.284186 0.908661 0.305897 0.0028878 0.0104497 -0.201395 -0.979454 1.55792
328 -0.971167 -0.22132 0.0886175 0.00902516 -0.723202 -0.546385 0.422425 1.15831
329 -0.852046 -0.0987128 -0.514076 0.00609188 -0.498483 -0.863354 -0.0783224 0.963058
330 -0.696381 0.183765 -0.693747 0.0026623 -0.845374 -0.117632 0.521062 0.28047
331 -0.671777 -0.539687 -0.507399 0.00261405 -0.5927 -0.327498 0.735834 0.501824
332 0.0674955 0.111355 -0.991486 0.0119527 0.293769 0.442546 -0.847262 0.308756
333 0.268316 0.578222 -0.770497 0.00126135 -0.890155 0.159019 0.427009 0.358335
334 -0.278415 -0.792313 -0.542886 0.00248349 0.96906 -0.204994 0.137475 0.357022
335 -0.969016 0.24639 -0.0173049 0.00399229 0.339128 -0.539631 0.770578 0.0618725
336 0.771702 -0.49285 0.401963 0.0081541 -0.977482 0.206071 0.0454183 0.15367
337 0.366299 -0.485896 -0.793555 0.00209978 -0.916524 -0.208381 0.341411 0.972092
338 0.0649544 0.0353472 -0.997262 0.01448 0.628413 -0.777738 0.0148748 0.419794
339 -0.650491 0.0436599 0.758258 0.0102749 0.953806 -0.21805 0.206658 0.400441
340 0.498703 -0.512102 -0.699319 0.0105997 0.566543 0.800849 0.194086 0.0156708
341 0.487242 0.855188 0.176774 0.00243692 -0.540717 -0.818963 0.192161 0.684402
342 0.0928143 -0.23538 -0.967461 0.0133832 -0.411218 0.476777 0.776906 0.291243
343 0.16531 0.627787 -0.760629 0.0100864 0.0910572 0.455133 0.885756 0.810038
344 -3.40236e-05 -0.000188711 -1 0.00351202 0.0252996 -0.617556 0.78612 0.59968
345 0.125292 0.00945984 0.992075 0.00702425 0.363107 -0.931337 0.0276604 0.1796
346 0.421874 0.890289 -0.171487 0.00585704 0.0607066 0.245276 -0.967551 1.21377
347 0.0127671 0.472928 0.881009 0.0113024 0.11603 -0.288761 -0.950344 0.295108
348 -0.0221853 0.128695 0.991436 0.00251154 0.439653 -0.416918 0.79554 0.393275
349 0.565368 0.6911 -0.450266 0.0058462 -0.872049 -0.10992 0.476915 0.22214
350 0.279585 0.583065 -0.762803 0.0144287 0.652576 -0.732845 -0.192568 0.77876
351 -0.239491 -0.115503 -0.964004 0.00136639 0.597085 0.729472 -0.333707 0.492884
352 -0.945088 -0.280279 -0.168085 0.00732296 0.231989 -0.0638591 0.97062 0.773683
353 -0.0070816 -0.448969 0.893519 0.00736285 -0.347009 0.283882 -0.893866 0.297918
354 0.761419 0.194304 -0.618455 0.0107139 -0.649529 0.567071 0.506501 0.731611
355 0.0334547 -0.00622897 -0.999421 0.0121092 0.129535 -0.909178 0.395748 0.361499
356 -0.0592546 -0.998067 0.0187428 0.00910842 0.215186 -0.613234 -0.760025 1.20752
357 0.167452 0.952278 -0.255198 0.0067114 0.38271 -0.648317 -0.658194 0.389558
358 0.589995 -0.64525 -0.485344 0.0129754 -0.943712 0.251562 -0.214768 0.493772
359 -0.643489 -0.577768 -0.502102 0.0127195 -0.183287 0.00848196 0.983023 0.330833
360 0.461913 -0.684788 -0.56365 0.00830309 -0.233862 0.807272 0.541867 0.923622
361 0.339653 0.760406 0.553551 0.00746741 -0.638582 0.0400642 0.76851 0.201372
362 -0.631976 -0.455796 -0.626782 0.00474644 -0.87264 0.425204 -0.240211 1.44917
363 -0.582967 0.396124 -0.709391 0.00866581 -0.731406 -0.59693 0.329728 0.918375
364 0.396642 0.267797 0.878043 0.00677699 -0.166754 -0.199635 -0.965577 1.35255
365 0.776012 -0.411936 -0.477613 0.000642705 -0.544985 -0.604794 -0.580702 0.161715
366 0.0114033 0.0280641 -0.999541 0.00585157 0.303212 0.730355 0.612081 0.251755
367 -0.682896 -0.317008 0.658148 0.00172517 0.733194 -0.0962961 0.673167 0.346463
368 -0.639803 0.472346 -0.606251 0.0135561 0.855895 0.0228149 0.516646 0.431036
369 -0.601248 0.798669 -0.0250691 0.01136 0.410973 -0.423134 0.807501 1.41088
370 0.676393 0.734349 0.0567764 0.00640252 0.689807 -0.702472 -0.175213 0.0672777
371 -0.341428 -0.939825 0.0125116 0.00432421 0.561944 0.58533 -0.584472 0.64347
372 -0.769995 -0.159854 -0.617701 0.0102491 -0.785486 -0.397739 0.474147 0.00179554
373 0.828034 -0.512212 -0.228032 0.0125593 -0.824388 0.464275 -0.32378 0.0927547
374 0.468932 0.297211 0.831726 0.00232064 0.256015 0.966198 0.0302822 0.72615
375 0.829133 0.528187 0.183187 0.00882991 -0.921842 -0.382662 -0.0614607 0.213539
376 0.415978 0.156356 0.895832 0.00927877 -0.31062 0.827672 -0.467412 0.198401
377 0.125011 -0.0360978 0.991498 0.00673154 -0.0385099 -0.710468 0.702675 0.9248
378 0.187178 0.49574 -0.848061 0.00235778 -0.742829 -0.635412 0.21085 0.109392
379 0.239204 -0.739862 0.628797 0.00714562 -0.772965 0.515656 0.369626 0.352157
380 0.0615934 0.132136 0.989316 0.00778202 -0.0403715 0.929673 0.366166 0.325898
381 0.030386 -0.2284 0.973093 0.00409792 0.737311 -0.607278 -0.295948 0.374891
382 -0.602461 -0.440331 0.665694 0.00439087 -0.533924 0.331629 -0.777784 0.466327
383 -0.964948 -0.20748 -0.160709 0.00697642 0.512828 -0.389443 -0.765076 0.195396
384 -0.0197204 -0.357662 0.933643 0.00496187 0.0363323 -0.684382 -0.728217 0.247204
385 0.110402 -0.0244813 0.993585 0.00634008 0.501232 0.619251 0.604396 0.152639
386 -0.0887947 -0.111894 0.989745 0.00657932 -0.441705 0.113592 0.88994 1.15433
387 0.186338 0.980145 -0.0677808 0.00572553 -0.232882 0.433926 -0.87033 0.807986
388 -0.652207 0.588311 -0.478034 0.00316494 0.119355 -0.0875329 -0.988985 0.431939
389 0.972799 -0.0960036 0.210821 0.00225716 -0.710525 -0.301456 -0.635829 0.274076
390 -0.658649 0.514748 0.548831 0.0139163 -0.309822 -0.920843 -0.236767 0.119882
391 -0.183074 -0.183399 -0.965841 0.00882301 -0.698079 -0.342584 -0.628746 0.12263
392 0.374087 -0.916613 0.140995 0.0122407 0.451654 -0.290339 0.84363 0.357184
393 0.968549 -0.194401 0.155312 0.00250168 -0.68827 0.379475 0.618291 0.855086
394 -0.994397 -0.0713406 -0.0780122 0.00514205 0.285512 -0.958259 0.0148999 0.400629
395 0.0570848 -0.0785056 -0.995278 0.0115962 -0.594991 0.803638 -0.0123066 0.274897
396 -0.337868 0.157236 0.927967 0.00672556 -0.0905929 -0.802874 -0.589226 0.276189
397 -0.236259 -0.903911 0.356549 0.0139401 0.202789 -0.746919 -0.633237 0.112744
398 -0.370368 -0.212595 0.904229 0.0136953 -0.356155 -0.365809 -0.859847 0.0107894
399 0.269053 0.149438 -0.951462 0.00127331 -0.393887 -0.668152 0.63121 1.13659
400 0.450573 0.892651 0.0126075 0.00528942 0.669554 -0.164425 -0.724335 0.246147
401 -0.219259 0.384064 0.896895 0.0143873 -0.693596 0.671582 0.260582 0.0725697
402 -4.67831e-05 -0.00373889 -0.999993 0.0068238 -0.328383 -0.886007 0.327348 0.284007
403 0.525207 -0.531718 0.664405 0.00950751 -0.478694 0.132027 0.867998 1.05352
404 0.850074 0.47514 0.227192 0.00586406 0.173317 -0.972528 0.155403 0.0256121
405 -0.0936513 0.206941 -0.973861 0.00287547 0.808618 -0.502856 -0.305406 0.115365
406 -0.13011 0.406289 0.904434 0.0117296 0.251252 -0.965704 -0.0654886 1.01233
407 -0.368453 0.503762 0.781323 0.0108256 -0.593374 -0.264506 0.760227 0.544918
408 0.486861 -0.669283 0.561272 0.0119394 0.0290394 -0.0176144 -0.999423 0.526974
409 0.147659 -0.40633 0.901716 0.000928205 0.132818 -0.361369 0.922915 0.444779
410 0.826764 -0.200877 -0.525461 0.012477 0.416519 0.306874 0.855769 0.252932
411 0.941007 0.233035 -0.245358 0.00546487 -0.428879 0.405783 -0.807095 0.342225
412 -0.215112 0.0416546 -0.975701 0.00729302 -0.00468438 0.962365 -0.27172 0.796739
413 0.627213 0.336658 -0.702328 0.0107058 -0.370025 -0.114751 0.921908 0.0197073
414 0.230446 -0.961513 -0.149627 0.0048227 0.0837645 0.667652 0.739746 0.158782
415 -0.351705 0.877848 0.325093 0.00369712 -0.546538 -0.341161 -0.764791 0.211003
416 0.959995 0.233248 0.154933 0.000668554 -0.683332 -0.641526 0.348572 0.139424
417 0.564611 -0.141202 0.813189 0.00459299 -0.329978 0.339254 -0.880921 1.55343
418 0.777478 0.407189 0.479297 0.00777625 0.709357 -0.51724 -0.478827 0.905214
419 -0.868836 -0.429548 0.246195 0.00970142 0.631502 0.690694 -0.352345 0.379494
420 0.86687 0.453795 0.206414 0.00108528 0.969876 -0.228783 0.0836651 0.582945
421 -0.661852 -0.515414 -0.544335 0.00226629 -0.122183 0.93388 -0.336065 0.434616
422 0.0420129 -0.901916 0.429863 0.000502777 0.696394 -0.713301 -0.0789734 0.279122
423 -0.969387 -0.192539 -0.152375 0.0113345 -0.961996 -0.218285 0.164062 0.401185
424 -0.688638 0.670298 0.276548 0.00992851 0.409277 -0.572548 0.710409 1.03402
425 0.133405 -0.0534108 -0.989621 0.00701573 -0.339471 0.599174 -0.725086 0.551322
426 0.36424 -0.38777 0.846737 0.00414556 0.32219 0.271723 -0.906841 0.00758438
427 -0.272249 0.775715 0.569339 0.0070504 -0.207739 -0.885412 0.415799 0.480421
428 0.895364 -0.139494 0.422925 0.0116158 0.82841 -0.362244 -0.42722 0.317489
429 -0.801955 0.427583 -0.417182 0.00419808 0.610843 -0.207686 0.764027 0.20214
430 -0.524383 0.208954 -0.825446 0.000919141 -0.559342 -0.573232 0.598784 0.471876
431 -0.944452 -0.328472 0.0107859 0.00356046 0.318714 -0.599049 0.734548 0.623298
432 -0.10593 0.149048 0.98314 0.00644433 -0.133894 0.699309 0.702167 0.800885
433 -0.982591 -0.185778 -0.00148609 0.00793486 -0.0191346 0.931287 0.363784 0.16399
434 0.204809 -0.195754 0.959028 0.0112217 -0.557471 -0.00940222 0.830143 1.14166
435 0.440923 0.0101476 -0.897488 0.00516747 0.811168 -0.216533 -0.543249 0.416632
436 0.428239 0.16993 0.887545 0.00426382 -0.88951 -0.44821 0.0887744 1.02986
437 0.268995 -0.242595 -0.932089 0.00976801 0.902339 -0.328503 -0.279052 1.11381
438 0.353022 -0.136103 -0.925663 0.0116226 0.0367523 0.577742 0.815392 0.252601
439 -0.531186 -0.497756 -0.685624 0.00201137 0.678143 0.662022 0.319138 0.421693
440 0.215017 -0.240007 -0.946659 0.00921642 0.109673 -0.311363 0.943941 1.20654
441 0.316489 -0.594897 0.738872 0.00878318 0.692272 -0.32875 0.642404 0.665564
442 0.614985 -0.784038 0.0841281 0.00354331 0.0315074 0.996712 0.074644 0.81223
443 0.00440734 0.0897986 -0.99595 0.0115598 0.128148 0.967648 -0.217338 0.237657
444 -0.254406 -0.882785 0.394928 0.00108425 0.750119 -0.15514 0.642847 0.0660794
445 0.470028 -0.660948 -0.584997 0.0143831 -0.73012 0.512704 -0.45173 0.5011
446 -0.00412405 0.455163 -0.890399 0.00341855 -0.486976 -0.768963 0.414186 0.248871
447 -0.517372 0.126704 0.846329 0.0120162 0.293762 -0.870964 0.393861 1.2818
448 -0.427788 0.840886 0.331523 0.00164066 -0.384543 -0.63932 0.66588 1.19329
449 -0.0109831 -0.095482 0.995371 0.00716417 0.539012 0.772379 -0.336001 0.0405142
450 0.736948 0.379145 -0.559604 0.00298756 -0.0511397 0.696466 0.715765 0.679274
451 -0.0162558 0.0045239 -0.999858 0.00358249 -0.344899 0.743661 0.572724 1.81011
452 -0.210235 -0.440929 0.872573 0.0127385 -0.953114 -0.299119 0.0458452 0.64889
453 -0.00611978 -0.959832 -0.280507 0.00193168 -0.587625 0.562481 -0.581646 0.911588
454 -0.510348 -0.467319 -0.721913 0.0029843 -0.828852 -0.338327 -0.445578 0.181276
455 -0.199495 -0.205288 -0.958154 0.000616276 0.929638 -0.345605 -0.127788 0.72043
456 -0.535166 -0.0895366 0.839988 0.00499336 -0.483436 0.326935 0.812036 0.0512518
457 -0.0268184 -0.129461 -0.991222 0.00728887 -0.355704 0.922671 0.148839 0.78453
458 -0.275079 0.420293 -0.864688 0.000792856 -0.807647 0.463435 0.364601 0.843859
459 -0.37313 0.924129 0.0822173 0.0046832 0.676823 0.449919 -0.582652 0.100168
460 0.303221 -0.0729346 0.950125 0.0120613 0.268033 0.952283 0.145998 0.603956
461 -0.227076 0.874256 -0.429083 0.0141357 0.86245 -0.0567344 0.502953 0.876048
462 -0.777276 -0.262336 -0.571858 0.00505251 -0.873365 -0.00782075 0.487004 0.715553
463 -0.713898 0.576686 0.397217 0.0102302 -0.503428 -0.387672 0.772186 0.549014
464 -0.314455 0.631538 0.708715 0.0088473 0.162867 -0.186779 -0.968808 0.678481
465 -0.230489 -0.971962 -0.0465313 0.0140802 0.784778 0.528529 -0.323697 0.78461
466 -0.564783 -0.0330146 0.824579 0.00347577 -0.339101 0.250366 -0.906823 1.29254
467 -0.234283 0.696472 0.678261 0.0114382 -0.514754 -0.857275 0.0104012 0.877624
468 0.0561429 0.0280454 -0.998029 0.0111857 0.453836 -0.866291 0.20874 0.414086
469 -0.859695 0.453721 -0.234655 0.0127202 0.840402 -0.0145392 -0.541769 0.118579
470 -0.0587324 0.846508 -0.529127 0.0112307 -0.261108 -0.567316 0.781009 0.318018
471 -0.0139739 0.123146 -0.99229 0.013199 0.362071 -0.313214 0.877953 0.369581
472 0.522112 -0.609783 -0.596292 0.0027313 -0.00411148 0.894402 0.447244 0.57346
473 -0.763407 -0.475378 0.437293 0.00123888 -0.158464 0.0176929 0.987206 1.17248
474 -0.433436 -0.892694 -0.123413 0.0115443 0.722909 0.195062 -0.662837 0.148505
475 -0.620835 -0.0089887 0.78389 0.0113216 -0.937736 -0.347349 0.000423752 0.377213
476 -0.700363 -0.688017 -0.190063 0.00799043 0.0562775 0.66351 -0.746048 0.0422641
477 -0.623645 -0.728507 0.283451 0.004861 -0.156447 -0.77579 0.611289 0.272541
478 -0.947864 -0.114974 -0.297213 0.0126346 0.445345 -0.895348 -0.00440344 0.819586
479 0.0763507 -0.080816 -0.9938 0.00864112 0.0518452 0.0256915 0.998325 0.333674
480 0.152993 0.199422 -0.967897 0.00736563 -0.543542 -0.676078 0.497474 0.0804837
481 -0.481178 -0.0518226 -0.87509 0.00324129 0.85424 0.414891 -0.313273 0.967729
482 0.224484 -0.267533 0.937034 0.00231738 0.972379 0.0390509 0.230116 0.536148
483 0.0954081 0.452908 0.886438 0.00962674 0.894659 -0.0885667 0.437883 0.797699
484 0.301389 0.90834 -0.289972 0.0011943 -0.758029 -0.631876 0.161632 0.617587
485 0.692527 -0.700574 -0.172053 0.00534841 0.526656 -0.756394 0.387945 1.0184
486 -0.00148291 -0.00664371 0.999977 0.000817789 0.968864 0.19096 0.157598 0.939965
487 0.367129 0.297323 0.881371 0.00115719 -0.852642 -0.391955 -0.345504 0.0604662
488 -0.483148 0.711991 0.509546 0.0110806 0.936685 -0.276424 0.214967 0.656332
489 0.29723 0.951653 -0.0775343 0.00870338 -0.201922 -0.889877 -0.409081 0.235335
490 0.0671046 -0.0105205 0.99769 0.00171128 0.853987 0.370391 0.3654 0.322048
491 0.845553 -0.106433 -0.523175 0.0017609 0.972216 0.16829 0.162709 1.00262
492 0.849109 0.301074 0.434013 0.00872947 0.485322 0.431951 0.760185 0.771328
493 -0.244121 0.27434 -0.93013 0.0122251 0.0808073 0.130499 -0.98815 0.396659
494 -0.656197 -0.147821 -0.739969 0.00251431 -0.558034 0.233798 -0.796201 1.24009
495 -0.262684 -0.789407 -0.554828 0.0123841 -0.640387 -0.166114 -0.749873 0.96416
496 0.472546 0.855903 0.210071 0.0124449 -0.545318 0.752777 0.368721 0.398765
497 -0.629606 0.524962 0.572723 0.000597232 -0.752505 0.414452 -0.511826 0.435348
498 -0.854672 0.00172081 0.519165 0.00594704 0.264203 -0.887873 0.376668 0.591295
499 -0.484646 0.776381 -0.402929 0.012845 0.388483 0.917095 0.0895464 0.416132
500 -0.506171 -0.858496 0.0823128 0.00454111 -0.549415 -0.619995 -0.560133 0.20902
501 -0.769687 -0.389942 -0.505498 0.010741 0.567492 0.636537 0.522277 0.46002
502 0.406499 -0.124507 0.905128 0.0123082 -0.737772 0.358585 -0.571934 0.580152
503 0.294524 -0.190172 0.936531 0.00755777 -0.439585 -0.892272 0.103031 0.65196
504 0.943394 -0.158673 -0.291256 0.0078314 0.0617418 0.928786 0.365438 1.38665
505 -0.924347 -0.143374 0.353591 0.0126567 0.925251 -0.0460628 -0.376549 0.750669
506 -0.16344 -0.644986 0.746512 0.00524966 -0.5174 -0.077706 -0.852208 0.999725
507 0.0636959 -0.233334 0.970308 0.00228976 -0.219843 0.823446 -0.523073 0.483707
508 -0.732856 -0.654462 -0.186014 0.00836316 -0.34408 -0.3988 -0.85004 0.47863
509 0.453905 0.0536013 -0.889436 0.00983985 -0.65073 0.420409 0.632303 1.28352
510 0.0594855 0.851451 0.521049 0.00869221 -0.817095 0.0195336 -0.576172 0.0971291
511 -0.0381476 -0.0105769 -0.999216 0.0144844 -0.506691 0.807775 -0.301271 0.504833
512 -0.305435 -0.589432 0.74785 0.0117283 -0.703602 0.597783 0.384186 0.0569752
513 0.203671 0.243107 -0.948376 0.00312563 0.426679 -0.0985296 -0.89902 0.0585354
514 -0.175517 0.732014 0.658292 0.0023757 -0.992772 -0.0849779 -0.0847476 0.39246
515 -0.847374 0.214077 0.485931 0.00287709 -0.586714 0.793726 -0.160514 0.872426
516 -0.95297 0.0749843 0.29364 0.00597819 0.773671 -0.252033 -0.581303 0.838447
517 0.28435 -0.223678 -0.932262 0.0142882 0.293749 0.885228 -0.360669 0.0563647
518 -0.865291 -0.148695 0.478708 0.0114081 -0.769348 -0.475767 0.42632 0.173917
519 0.433802 0.034594 0.900344 0.00188057 0.39621 -0.790306 -0.467369 1.7889
520 0.845364 -0.460664 0.270461 0.00135458 -0.85917 -0.268801 0.435399 0.828919
521 0.559294 0.461719 -0.68848 0.012462 0.727644 0.56317 0.39163 0.651443
522 -0.449256 0.797559 0.402578 0.00974543 0.511517 0.423777 0.747505 0.755701
523 -0.739076 0.230486 -0.632963 0.0137574 -0.294649 -0.92159 -0.252693 0.124372
524 0.292444 0.514204 -0.806269 0.00728286 0.758981 -0.627681 -0.173105 0.139792
525 -0.898347 -0.308773 0.312462 0.00348166 -0.372426 -0.815459 0.443087 0.0250396
526 -0.041632 0.1797 -0.98284 0.0021512 0.171897 -0.395657 0.902168 0.0917457
527 0.902539 -0.224794 -0.367274 0.0106588 -0.967066 0.230165 0.108661 0.288896
528 -0.107768 -0.943253 -0.314101 0.00255487 0.331495 0.866255 0.373784 0.992922
529 -0.515811 0.542945 -0.662684 0.0110435 0.35399 0.135312 -0.925409 0.684541
530 -0.0187677 0.321325 0.946783 0.00103432 -0.794712 -0.515747 -0.320058 1.49049
531 0.0793845 -0.473231 0.877354 0.00855548 -0.0549838 -0.451239 -0.890708 0.279735
532 -0.6801 -0.0511523 -0.731332 0.0109039 0.393991 0.879831 0.265834 0.420025
533 -0.719724 -0.0206381 0.693954 0.00693022 -0.657417 -0.390159 0.644654 0.111755
534 0.0462264 -0.111189 0.992724 0.010818 0.971837 -0.113145 -0.206714 0.260147
535 0.26315 0.442527 -0.857276 0.00792378 -0.676218 0.323288 0.661978 0.0648544
536 0.0223351 -0.249422 0.968137 0.0123962 0.737478 -0.417142 -0.531149 0.319332
537 -0.571249 -0.0467125 -0.819447 0.00439395 0.511256 -0.837953 -0.190925 1.0425
538 0.637664 -0.682783 0.356638 0.0109364 0.577081 0.404537 -0.709455 0.157023
539 -0.407825 -0.529799 0.743634 0.0107225 0.948765 -0.00737816 0.315895 0.968268
540 0.981882 0.0731874 -0.174792 0.0134422 -0.349073 0.550758 0.758165 0.464868
541 -0.850742 0.256387 -0.458806 0.0017439 0.179547 -0.588444 -0.788351 0.575383
542 0.0398115 -0.0528942 -0.997806 0.00295274 0.272908 0.142615 -0.951411 0.413727
543 -0.429335 -0.702685 -0.567367 0.013798 0.315244 -0.948306 0.0365536 0.293289
544 0.0621461 -0.0643074 0.995993 0.000688604 -0.958421 0.117817 0.259902 0.472074
545 0.798595 0.600892 -0.0342692 0.00339337 -0.203329 0.840373 0.502425 0.798352
546 -0.0216403 -0.0804566 0.996523 0.00146384 -0.870538 -0.129819 0.47467 1.50958
547 0.324464 -0.942089 0.0847969 0.0138704 0.0995613 0.38595 0.917131 0.108663
548 -0.00777827 0.0110562 -0.999909 0.00582176 -0.76762 -0.582554 -0.267189 0.42495
549 0.0321395 0.00779581 0.999453 0.00840695 0.0353967 0.914881 0.402168 0.774928
550 -0.183634 -0.866368 0.464419 0.0141247 0.441725 -0.822595 0.358074 0.29856
551 0.0908551 0.368467 0.92519 0.00950955 -0.808777 0.0589873 -0.58515 0.802962
552 0.748004 -0.632117 0.202285 0.00282038 -0.637277 0.592119 0.493227 0.435777
553 -0.341261 0.492869 -0.800388 0.00567731 0.928076 0.340918 0.14983 0.589382
554 -0.0256482 0.0335982 0.999106 0.00369037 0.719875 -0.648321 -0.247913 0.523491
555 -0.909006 -0.300788 0.288504 0.0100671 0.796352 0.0945726 0.597394 0.575898
556 0.234464 0.971698 0.028807 0.00130746 0.985872 0.148351 0.077775 1.05329
557 0.289018 -0.333257 0.897445 0.00985035 -0.451827 0.667748 -0.591578 0.553802
558 -0.500398 -0.815825 -0.28988 0.00392979 -0.235486 0.269823 0.933671 0.785339
559 -0.236876 -0.514988 0.823819 0.00484605 -0.614748 0.777061 0.135135 0.12897
560 -0.776176 0.628718 -0.0475848 0.00632537 0.716091 0.418815 0.558397 0.555184
561 0.326008 0.482311 -0.813078 0.011512 0.698014 -0.480489 -0.530948 0.425484
562 0.424296 0.15735 -0.891747 0.00210314 -0.132071 0.692397 0.709326 0.317677
563 0.967114 0.249365 -0.0500746 0.00943033 -0.120941 0.0271342 0.992289 0.193184
564 0.747356 -0.585345 -0.314374 0.0141895 -0.538648 0.798903 -0.267605 0.274564
565 -0.602034 -0.70081 0.38265 0.0143005 -0.163561 0.903701 -0.395693 0.158544
566 -0.0350676 -0.0729348 0.99672 0.00378773 -0.350159 0.931481 -0.0986542 1.06213
567 -0.662699 0.641841 -0.385837 0.00354083 -0.899422 -0.174505 -0.400736 0.586449
568 0.639057 -0.261419 -0.723371 0.0015553 0.531373 0.0274691 -0.846693 0.136663
569 -0.32919 -0.926006 -0.184789 0.0130795 0.740754 -0.396973 -0.541937 0.244792
570 0.309943 0.353395 -0.882636 0.0035951 0.43113 -0.164474 0.887172 0.788026
571 -0.00124028 0.0284445 0.999595 0.00510997 -0.285836 0.4741 -0.832783 1.04085
572 0.396722 -0.886345 0.238753 0.00776823 0.398999 0.836889 0.374722 0.285138
573 0.103673 0.655723 0.74785 0.00109478 -0.626025 -0.627418 -0.463076 0.735052
574 0.0323833 -0.041465 -0.998615 0.0134949 0.41955 -0.691666 0.587857 0.706704
575 0.631781 0.203893 -0.74785 0.00840362 -0.571504 -0.141354 -0.808333 0.564334
576 -0.637342 0.0404454 -0.769519 0.005135 0.609111 0.7756 0.165615 0.169416
577 -0.295198 0.485863 -0.822676 0.00303688 0.0675201 -0.828192 0.556363 0.317983
578 0.262478 0.116955 -0.957824 0.0053341 0.499974 0.495092 0.71057 0.719859
579 -0.643454 -0.108923 -0.757695 0.0064006 0.759801 0.208193 -0.61592 0.309681
580 -0.608097 -0.585128 -0.53651 0.00570765 -0.981497 -0.0726445 0.177164 0.424366
581 -0.116401 0.447445 -0.886704 0.00133514 0.416449 -0.0778583 0.905819 0.655152
582 -0.0808048 -0.227579 0.970401 0.00183009 -0.872685 0.397879 -0.283041 0.684208
583 0.78134 -0.527749 -0.333151 0.0118029 0.796657 -0.504834 -0.332385 0.661399
584 -0.865475 0.241752 0.438758 0.00242883 0.55564 0.218345 -0.802241 0.138762
585 0.897433 0.109818 -0.427264 0.00408049 -0.37161 0.699584 0.610318 0.150235
586 0.447042 0.851288 -0.274704 0.00399998 -0.439471 -0.80604 -0.396441 0.654883
587 0.144329 0.897249 -0.417269 0.00289906 -0.601899 0.703127 0.37859 0.751485
588 0.736603 0.272366 0.619057 0.0127488 -0.226682 0.411636 0.882706 0.659788
589 -0.625973 0.749072 0.216909 0.00638165 0.320556 -0.910901 0.259815 0.369447
590 0.355584 0.476797 -0.803881 0.00964457 0.11436 0.989276 0.0908552 0.353571
591 0.527008 -0.357288 0.771108 0.00271802 -0.300877 -0.577293 0.759082 0.688359
592 0.534434 -0.79263 0.293457 0.0109035 -0.170842 0.982403 -0.0754852 1.00438
593 0.914013 0.183819 0.361649 0.00206307 -0.821735 -0.569867 0.00182385 0.303765
594 -0.846759 -0.509203 -0.153986 0.00835818 0.285364 0.953543 -0.0965544 0.289032
595 0.847951 0.0666391 0.525869 0.013202 0.0484725 -0.977797 0.203871 0.629766
596 -0.0547832 -0.326002 -0.94378 0.00947998 0.797483 0.232079 -0.556921 0.0960424
597 -0.506316 -0.859872 -0.0652935 0.00877985 0.742158 0.634491 -0.215921 1.06664
598 -0.059527 -0.345312 -0.936598 0.00803847 0.511183 0.539304 0.669211 0.580113
599 -0.947039 0.12872 0.29419 0.0102335 -0.532955 -0.517786 0.669221 0.00644839
600 -0.42071 0.492978 -0.761561 0.00542926 -0.739548 -0.468837 0.482971 0.139117
601 -0.310625 0.734996 0.602738 0.00799434 0.690579 0.49306 -0.529144 0.402554
602 0.574077 -0.763949 -0.294648 0.00352567 -0.0415282 -0.817359 -0.574631 0.405436
603 -0.334131 -0.930847 -0.14792 0.0120228 -0.609693 0.772041 -0.179518 1.22607
604 -0.580495 -0.243135 0.777117 0.0051209 0.728841 -0.684682 -0.00114944 0.349064
605 -0.436764 0.364172 0.822567 0.00699727 -0.973725 0.0485273 0.222495 1.12761
606 -0.942255 0.309987 -0.126743 0.00345212 0.877922 -0.00576034 -0.478769 0.00159549
607 0.0714404 0.0654297 -0.995297 0.0101681 0.582185 0.806834 -0.100393 0.428007
608 0.025237 -0.260973 0.965016 0.00780723 0.0145298 -0.962167 -0.272073 0.532144
609 0.127388 -0.990942 0.0425085 0.0101196 0.714928 0.69604 -0.0663766 0.4087
610 -0.115136 0.194936 -0.974035 0.00468201 0.282302 0.259008 -0.923699 0.398268
611 0.0183847 -0.0808704 0.996555 0.00515419 -0.183759 0.0949733 -0.978372 1.36191
612 0.637748 -0.767489 -0.0651022 0.0128153 0.642549 -0.765461 -0.0346405 0.121294
613 0.829516 -0.288766 0.478034 0.0111668 0.714153 -0.572126 0.403307 0.457484
614 0.00224162 0.0224173 -0.999746 0.0023113 -0.760942 -0.161299 0.62845 1.20201
615 -0.386676 0.0185137 0.92203 0.00235119 -0.690264 -0.683735 0.236734 0.283177
616 -0.105011 -0.750225 0.65279 0.0144039 0.190646 0.580714 -0.79147 0.420171
617 0.0313971 0.072406 0.996881 0.00984095 0.100809 -0.913713 0.393658 0.332136
618 -0.293252 -0.180045 -0.938929 0.00161332 0.805003 -0.525942 -0.27451 0.90516
619 0.336303 0.659024 -0.672747 0.0144447 -0.0670805 -0.81524 0.575225 0.47263
620 -0.0126047 0.00563233 0.999905 0.00782746 0.187174 -0.343252 -0.920404 0.357824
621 0.34964 0.525267 0.775788 0.0130548 0.883538 -0.350938 -0.310167 0.770476
622 -0.718727 0.685501 -0.116275 0.00783753 0.872771 -0.325478 -0.363779 0.199186
623 -0.0113109 -0.0662967 0.997736 0.0124536 -0.44608 -0.14804 -0.882664 0.176962
624 -0.141062 0.276099 -0.950721 0.00224609 0.556563 -0.822575 -0.11665 0.493996
625 -0.423568 -0.872368 -0.244057 0.0131891 0.222655 -0.849997 0.47742 0.0669361
626 -0.708232 -0.137284 -0.692503 0.00218258 0.439512 -0.17657 -0.880711 0.0520848
627 -0.530649 0.679062 -0.507234 0.00927227 -0.105519 0.525534 0.844204 0.339564
628 0.254822 0.107563 0.960987 0.00498399 -0.389018 -0.175557 -0.904348 0.72977
629 -0.258777 0.324943 -0.909641 0.00834396 0.0322032 -0.150738 -0.988049 0.6325
630 0.156725 0.111873 0.981286 0.0141296 0.186656 0.794872 0.577354 0.738302
631 0.419469 -0.459815 0.782698 0.00389732 -0.800809 0.497517 -0.333439 0.900426
632 0.634544 -0.605325 0.480558 0.0129035 0.973192 0.21127 -0.090902 0.157095
633 -0.724234 0.410747 0.55387 0.0141753 0.480684 0.686104 -0.54608 0.796483
634 -0.277341 -0.17485 -0.944727 0.00660141 -0.140829 -0.577094 0.804444 1.27414
635 -0.866233 -0.133169 -0.481567 0.00724044 0.667596 -0.627476 0.400736 0.118059
636 -0.404621 -0.401934 0.82142 0.00650174 -0.0192417 -0.299778 -0.953815 0.867406
637 0.733591 0.645697 -0.211946 0.00447806 -0.45636 0.586743 0.66893 0.777163
638 -0.326715 0.0250772 0.94479 0.0111629 0.96926 -0.171061 0.176844 0.168215
639 0.666169 0.0966016 -0.739518 0.00221276 0.272569 -0.914636 0.298576 0.390294
640 -0.0901984 -0.0737525 -0.993189 0.000765145 0.820108 0.205133 -0.534176 0.369129
641 -0.00878531 0.0105252 0.999906 0.00916268 0.83743 0.463272 0.289981 0.415428
642 0.643137 0.397326 -0.654604 0.00111943 0.298392 0.846463 -0.44098 0.264778
643 -0.70664 0.613251 0.352963 0.0096268 0.962569 -0.269038 -0.0328643 0.505875
644 0.124949 0.383204 -0.915173 0.00130416 -0.512036 -0.823625 0.243846 0.577969
645 0.958657 -0.189357 0.212414 0.00686756 -0.614132 -0.778131 0.131736 0.184571
646 0.332192 -0.02585 -0.942858 0.00132363 0.518337 0.677743 0.521527 0.448287
647 0.38481 -0.67782 -0.626484 0.00879981 -0.874527 0.481803 0.0553969 1.27172
648 -0.275788 0.0773776 0.958099 0.0111557 0.134386 -0.498647 0.856325 0.594433
649 0.869981 0.105951 -0.481567 0.00573548 -0.000791793 0.0232067 0.99973 0.683951
650 -0.197804 -0.667574 0.717787 0.00446152 0.861777 -0.421072 -0.28291 0.62129
651 0.932565 -0.270447 -0.239126 0.00202867 -0.511827 0.299802 0.805079 0.6273
652 -0.0970527 -0.0849467 -0.991648 0.00652985 0.139645 -0.574375 0.806593 0.00118084
653 -0.11477 -0.785889 0.607623 0.00784196 0.498741 0.204357 -0.842316 0.0687334
654 -0.891794 -0.092069 0.442975 0.00555719 0.646558 -0.755851 0.103209 0.604172
655 0.717262 0.455375 0.527417 0.0117992 -0.527002 0.283943 -0.801028 0.0301205
656 0.53467 -0.495752 0.684367 0.0126141 -0.939459 0.330502 -0.0904669 1.0859
657 -0.155576 -0.784272 0.600594 0.00372047 -0.102933 0.43373 0.895144 0.352112
658 -0.903354 0.174388 -0.391843 0.0120315 -0.117495 -0.947324 -0.297947 0.739322
659 -0.447825 0.0316103 -0.893563 0.0127343 0.709488 -0.220141 0.669451 0.118931
660 -0.43216 -0.0120604 0.901716 0.00321957 0.684849 -0.518107 -0.512394 0.877535
661 0.477867 0.344719 0.807968 0.00336569 0.0211818 -0.890808 0.453885 0.757293
662 -0.797506 -0.503643 -0.332156 0.00177094 0.55063 -0.456203 -0.699061 0.347363
663 0.353292 -0.626774 -0.694506 0.00591948 0.667026 -0.182884 0.72224 0.957485
664 0.206034 0.0555755 -0.976965 0.00766047 -0.718233 -0.661998 0.214242 0.145673
665 0.568412 0.603044 0.559684 0.0117791 -0.266433 -0.217703 -0.938945 0.199153
666 0.0943165 -0.776001 -0.62364 0.0100813 -0.012691 0.530537 0.847567 1.28882
667 0.255189 -0.245597 0.93518 0.00776307 -0.539631 -0.767258 -0.346574 1.09945
668 -0.478768 -0.437895 0.76094 0.0114493 0.664836 0.333807 -0.668256 0.656161
669 -0.625486 0.761157 -0.171487 0.0144293 0.225913 -0.952207 -0.205583 0.126848
670 -0.811049 0.373855 0.449924 0.00522295 -0.216432 0.269939 -0.938238 0.0478486
671 -0.0261802 0.757149 0.652717 0.010937 0.732596 0.0635175 0.677694 0.127073
672 -0.0710916 -0.0610775 0.995598 0.00755509 -0.0150862 -0.80164 -0.597617 0.682676
673 0.390881 0.459361 -0.797621 0.00796257 -0.731876 -0.46668 -0.496556 0.874805
674 -0.0567092 -0.449655 0.8914 0.00219256 -0.879741 0.373467 -0.294242 1.04486
675 -0.0668139 -0.630881 0.772997 0.0133682 0.748191 0.471196 0.467103 0.608984
676 0.350117 -0.0240726 -0.936396 0.00376249 0.662764 -0.124133 -0.738468 0.431293
677 0.931101 -0.364109 -0.0218102 0.00961148 0.0923799 -0.430996 0.897612 0.470858
678 0.313518 -0.944893 -0.0942505 0.00890608 0.327596 0.439766 -0.836234 0.246703
679 -0.56424 -0.684216 0.46204 0.00873524 0.686299 0.528447 -0.499738 0.373554
680 0.612375 -0.786906 -0.0760048 0.0126875 -0.271765 0.276622 -0.92175 0.37668
681 0.024135 -0.429488 -0.90275 0.00643316 0.0641098 0.848756 -0.524884 0.132655
682 0.287481 -0.691111 -0.663114 0.00216958 0.0457122 0.959373 0.278414 0.67671
683 0.0476801 0.764686 -0.642637 0.00579713 -0.478164 0.339858 -0.809849 0.140521
684 -0.230245 -0.391367 0.890965 0.0111577 -0.440765 0.0505858 -0.896196 0.441096
685 -0.657633 -0.667191 0.349821 0.0032633 0.0332344 0.605093 -0.795461 0.463245
686 0.469096 -0.425347 -0.773969 0.0127385 -0.622703 0.721268 0.303337 0.958759
687 -0.17847 0.204873 0.96238 0.00289726 -0.879929 -0.196406 -0.432608 0.508031
688 -0.183298 0.478922 -0.858508 0.00297508 -0.312345 -0.764761 0.563544 0.669332
689 0.0864414 -0.132157 0.987453 0.00953442 0.535453 0.134929 -0.833717 0.510515
690 0.510338 0.0240912 0.859637 0.000743995 -0.421186 0.489409 0.763598 1.0944
691 0.774543 0.455022 0.439361 0.00823794 -0.207933 0.704044 -0.679033 0.585459
692 -0.414367 -0.519497 -0.747277 0.012355 0.0884532 -0.20297 -0.975182 0.367654
693 0.251366 0.92012 0.300324 0.00309526 -0.95665 0.281171 0.0759205 0.106607
694 0.607075 0.371358 0.702533 0.00339718 0.444068 -0.0572162 0.894164 0.290519
695 0.78248 0.569262 0.252323 0.0121426 0.0524014 -0.605927 -0.793793 0.752525
696 0.0824107 0.145356 0.985941 0.00254907 -0.0946441 -0.788322 0.60794 0.0644607
697 0.0154942 -0.139042 0.990165 0.00760569 -0.607971 0.221592 -0.76241 0.379863
698 -0.83244 0.438929 0.338208 0.00992238 0.69648 -0.188336 -0.692419 0.528963
699 -0.832665 -0.447654 -0.326 0.01197 0.508719 0.461614 -0.726717 0.732975
700 0.0545108 -0.454312 0.889173 0.00108095 0.0641728 -0.898379 -0.434507 0.369688
701 -0.32356 -0.0724321 0.943431 0.00704079 -0.486471 0.507025 -0.711527 0.694575
702 0.832944 -0.264411 0.486098 0.0132211 0.377245 0.923484 0.0697323 0.427986
703 -0.216726 0.821447 0.527499 0.000941206 -0.160505 0.0554021 0.985479 0.993379
704 0.854077 -0.105676 -0.509298 0.00976218 -0.697006 0.19125 0.69109 1.11021
705 -0.13369 -0.592538 -0.794371 0.00918056 0.914101 0.294986 0.278215 0.68178
706 0.241502 -0.0530665 0.968948 0.0139169 -0.180433 0.375092 -0.909258 0.885249
707 -0.163457 -0.0582228 0.984831 0.00628057 0.740859 -0.0355596 0.670719 0.0802285
708 0.523962 -0.489762 -0.696848 0.00144012 0.814191 -0.159642 0.558218 0.382018
709 -0.261718 0.935052 0.239126 0.00869593 -0.184702 -0.958645 -0.216531 1.16452
710 0.225756 0.623845 -0.748232 0.0113335 -0.840055 -0.52497 0.136796 0.0703043
711 0.322254 -0.266241 -0.908442 0.00970026 0.643062 0.69948 0.311767 0.267173
712 -0.187719 0.271003 0.944097 0.00193904 -0.235869 -0.396122 -0.887386 0.328206
713 0.708934 0.331494 0.622515 0.00205269 0.315267 -0.0686079 -0.94652 0.298044
714 -0.0645894 0.57911 -0.812687 0.0112798 0.432115 -0.796699 -0.422549 0.0683095
715 0.277622 -0.882917 -0.378661 0.0126066 0.328861 -0.23875 0.913701 0.315486
716 0.151977 -0.0293836 -0.987947 0.0121358 0.382809 0.380571 -0.841798 0.639286
717 -0.453824 -0.692818 0.560399 0.00130032 0.185803 0.615334 -0.766056 0.213697
718 -0.0700409 -0.471385 -0.879142 0.00661258 -0.156066 0.874236 0.459734 0.161242
719 -0.103242 -0.132222 -0.985829 0.00951737 0.895111 -0.437754 -0.0845468 0.795499
720 -0.0472144 0.250839 -0.966877 0.00760102 -0.475443 -0.865674 0.156722 0.2557
721 -0.125612 0.0284231 -0.991672 0.00952866 -0.0969336 -0.989124 -0.110626 0.748206
722 -0.928288 0.123091 0.350899 0.0136656 0.798057 0.270263 -0.538575 0.404053
723 -0.906335 -0.335027 0.257515 0.00496892 -0.434135 0.280446 -0.856082 1.1017
724 0.608054 0.728054 0.316557 0.0106758 -0.032424 -0.542308 -0.839554 0.116522
725 -0.382783 0.0911017 0.919335 0.00577924 -0.754216 -0.273141 0.59712 0.839517
726 0.869621 0.453961 0.194109 0.000735511 -0.935311 -0.0211188 -0.353196 1.41015
727 -0.039811 0.973036 -0.227192 0.00465784 0.983436 -0.024014 -0.179661 0.66166
728 0.347369 -0.366838 -0.862998 0.0030143 0.933256 -0.320196 0.162814 0.987407
729 0.89614 -0.394986 -0.202285 0.00289323 0.427138 -0.784153 0.450174 0.222391
730 -0.716596 0.0573532 -0.695126 0.000881329 0.375474 0.0375995 -0.92607 0.452594
731 -0.387352 -0.450556 0.804337 0.00641525 0.04179 -0.481209 -0.875609 0.519016
732 0.180077 0.102702 -0.978276 0.00551477 -0.988655 -0.108585 -0.103778 0.303869
733 -0.0496471 0.0928263 -0.994444 0.00396385 0.381771 -0.824544 0.417585 0.419133
734 0.235739 0.337348 -0.911385 0.0122929 -0.516798 -0.0593772 0.854046 0.324112
735 0.583575 -0.448998 -0.676639 0.011228 -0.480148 -0.0982678 -0.871666 0.259235
736 0.0873167 -0.994405 -0.0594564 0.0103359 0.901377 0.419735 0.106495 0.438334
737 0.520755 0.823816 -0.223923 0.00680992 0.0757686 -0.0135962 0.997033 0.311587
738 -0.52283 -0.623455 0.581337 0.00649307 -0.403572 -0.836159 0.371441 0.118757
739 -0.213272 0.67986 0.701645 0.00184565 0.130968 -0.861262 0.490995 0.606882
740 0.0282288 -0.00549715 0.999586 0.00921593 -0.238409 -0.280924 -0.929647 1.05332
741 -0.116131 0.800576 0.587871 0.00385487 -0.70599 -0.693294 0.144644 0.0695324
742 0.336265 0.680072 0.651482 0.0141747 0.59558 0.47123 0.650559 0.269883
743 -0.491294 -0.428351 0.758383 0.00322478 -0.357602 -0.375606 0.855009 0.293348
744 0.995587 -0.0676851 0.0650065 0.00507756 -0.556265 0.825286 0.097322 1.223
745 0.484591 -0.526113 0.698839 0.00601573 0.802492 -0.495377 -0.332577 0.565939
746 0.300679 0.853316 -0.425963 0.0144688 0.0590514 0.253029 0.965655 0.711054
747 0.21163 -0.799336 0.562382 0.00459049 -0.424797 0.512129 0.746506 1.57178
748 -0.575405 0.400739 0.712963 0.00749689 -0.375495 0.675127 -0.634986 0.320821
749 0.635757 0.417972 -0.648932 0.0139349 -0.67326 0.693502 -0.256467 0.312408
750 -0.865318 -0.135748 0.482491 0.00202318 0.79922 0.528921 -0.285464 0.389783
751 -0.704456 -0.212006 -0.677345 0.0107896 0.392474 -0.208167 0.895897 0.398038
752 0.154114 0.141856 0.977817 0.0130022 -0.0289208 0.88714 0.460592 0.954695
753 -0.206487 -0.0715927 -0.975827 0.000943983 -0.574235 0.105717 0.811836 0.302227
754 0.530702 -0.208002 0.821639 0.010268 -0.536317 0.636583 -0.55419 0.931708
755 -0.570686 -0.794239 -0.208571 0.0136567 0.7582 0.0277532 0.651431 0.907792
756 -0.396664 0.898429 -0.188368 0.00580491 0.632033 0.738743 -0.23408 0.354866
757 -0.588467 0.538644 0.602968 0.0142233 0.0441463 -0.978058 0.203599 0.742126
758 0.626333 0.232276 -0.744147 0.0109652 0.671414 0.131223 -0.729373 1.13426
759 0.30747 -0.897776 0.315375 0.00960822 0.587947 0.47852 -0.652179 0.290367
760 -0.88606 0.300945 0.352604 0.0127465 -0.160285 -0.985975 -0.0464958 1.48026
761 -0.694144 0.718422 -0.0450947 0.00310311 -0.3485 0.126789 -0.928694 0.356584
762 0.0384618 -0.933485 -0.356549 0.00871986 0.453864 0.822824 0.342006 0.947544
763 -0.0191267 -0.152364 0.988139 0.0132572 -0.991114 -0.119746 -0.0579149 1.34853
764 -0.991211 0.0440297 0.124745 0.0074205 -0.188379 0.564858 0.803398 1.25916
765 -0.851141 0.0237531 0.5244 0.00696638 -0.473445 0.612189 -0.633304 0.520755
766 -0.786748 -0.00565741 0.617248 0.0119527 0.798799 -0.291151 0.526451 0.63014
767 0.638601 0.308364 0.705053 0.0100591 0.563289 0.520961 -0.64133 1.02419
768 -0.133747 -0.82591 0.547708 0.00535705 0.265276 0.525905 -0.808117 0.673144
769 0.0644877 0.0886864 -0.99397 0.0114292 0.250551 -0.807737 0.533653 0.00708983
770 -0.584712 0.117534 -0.802682 0.0133272 0.0869549 0.42715 -0.89999 0.174588
771 -0.424819 0.572034 -0.701645 0.00220727 0.532463 0.804998 -0.26165 0.383223
772 -0.35882 0.729027 -0.582896 0.00183601 0.868679 0.351853 0.348707 1.50306
773 -0.120107 -0.914192 -0.387075 0.00587431 -0.15808 0.00371625 0.987419 0.181529
774 -0.973666 0.191255 0.124079 0.00723183 -0.421562 -0.701317 -0.574839 0.27093
775 -0.392197 0.493447 0.776332 0.00269535 0.925729 0.014009 -0.377928 0.184643
776 0.177096 0.98064 0.0835549 0.00395073 -0.87056 0.0284422 0.491239 0.296537
777 -0.170648 0.774302 0.609373 0.00266123 -0.387407 -0.724331 0.570316 0.718655
778 0.238967 0.145929 0.96 0.0086775 -0.661775 0.538975 0.521115 1.47575
779 -0.68928 -0.137042 0.711415 0.00255994 0.0956548 0.777795 -0.621196 0.206467
780 -0.149248 0.47545 0.866991 0.00629531 -0.441036 0.897212 0.0223145 0.603984
781 -0.986928 -0.1589 -0.0268902 0.00224792 0.557063 -0.829454 0.0410681 0.881602
782 -0.0877493 0.0813464 -0.992816 0.0107548 0.353521 0.874797 0.331291 0.759434
783 -0.95583 -0.119104 -0.268707 0.0031242 0.99814 -0.042705 -0.0435014 0.00246707
784 -0.343965 0.869132 0.355384 0.00769849 -0.363981 -0.754578 -0.546013 0.326852
785 -0.197482 0.0788676 -0.977129 0.0103687 -0.0526878 -0.672001 0.738674 0.592579
786 -0.84339 0.520259 -0.134252 0.0120867 0.107413 -0.159373 0.981358 0.351356
787 0.714364 -0.694406 -0.0865163 0.000560518 -0.00830883 -0.187628 -0.982205 0.44374
788 0.64377 0.285078 0.710134 0.013465 -0.336415 0.83813 -0.429375 0.906777
789 -0.192942 0.196122 -0.96141 0.0106107 0.148416 -0.800399 0.580805 0.157944
790 -0.323232 -0.00771809 -0.946288 0.00478916 0.960959 0.25522 0.106864 0.56603
791 0.143621 0.0478448 0.988476 0.0138203 -0.879914 -0.247221 0.405749 0.861854
792 -0.456119 0.88354 -0.106365 0.00746603 0.319154 -0.00949695 -0.947655 0.569355
793 0.551882 -0.381926 -0.741322 0.0108122 -0.831109 -0.131957 0.540227 0.692877
794 -0.616909 0.198375 0.761624 0.0101844 0.748222 -0.0238028 -0.663021 0.544
795 -0.892836 -0.31321 -0.323642 0.00648334 -0.672615 0.309887 0.671981 0.569972
796 -0.0841451 0.860657 0.502185 0.00191945 -0.13227 -0.583531 0.801246 0.377985
797 -0.0368504 0.084826 -0.995714 0.00327139 0.782601 -0.609165 0.128272 0.0188585
798 -0.229175 0.750667 -0.619659 0.0143838 -0.993861 0.110566 -0.00392597 0.569397
799 -0.721375 -0.67054 0.173187 0.000638127 -0.497546 -0.653396 0.570546 0.682759
800 0.387475 -0.170253 0.906023 0.0138366 -0.157374 -0.116755 0.980613 0.238617
801 0.0508277 -0.0313069 -0.998217 0.00588612 -0.619387 -0.0903348 -0.779871 0.0800357
802 0.117241 0.0807709 0.989813 0.0112003 -0.209986 0.0785616 0.974543 0.528044
803 -0.627423 -0.577628 -0.522194 0.0039279 -0.597782 0.740679 -0.306676 0.417625
804 -0.199492 0.441944 -0.874579 0.00940423 -0.427457 -0.291922 0.855606 0.777092
805 -0.552325 -0.458375 0.696297 0.000704932 0.933044 -0.314834 0.174096 0.0494227
806 -0.376227 -0.459986 -0.80428 0.00584361 -0.990355 0.107869 0.0869552 0.492055
807 0.0131388 0.904482 0.42631 0.0012543 0.290998 -0.124275 0.948618 0.369608
808 -0.290858 -0.198453 0.935958 0.00279557 0.697705 -0.261925 -0.666785 0.411174
809 0.0326386 -0.023072 -0.999201 0.00763776 -0.5388 -0.816078 0.209071 0.145207
810 -0.842797 -0.344103 0.413868 0.00629666 0.501376 -0.402203 0.766065 0.973226
811 0.157472 -0.0675407 -0.985211 0.00852106 0.549866 -0.809952 -0.204024 0.901518
812 0.254363 -0.331161 0.908643 0.00364896 0.905435 0.131252 -0.403683 0.103815
813 0.485744 0.554486 -0.675721 0.00882713 -0.688406 0.614764 -0.384918 1.75764
814 0.120848 0.0326223 0.992135 0.00524419 -0.364599 0.439654 -0.820836 0.0605009
815 -0.838978 0.0686055 -0.539823 0.00526891 0.975195 -0.169154 0.142765 0.518204
816 -0.466517 -0.674322 0.572409 0.0018365 0.070952 0.616496 0.784155 0.969159
817 -0.14272 0.0336782 -0.98919 0.0107233 0.869996 -0.489051 0.0627423 0.617529
818 -0.142063 -0.941198 0.306536 0.0144525 -0.777358 0.549387 -0.306412 0.23783
819 0.288136 -0.154515 -0.945041 0.0036081 -0.828802 -0.0907079 -0.552141 0.371388
820 0.604203 -0.534077 0.591355 0.00754422 0.550855 0.300567 -0.7786 0.887714
821 -0.756341 -0.532372 0.380169 0.0023569 -0.359791 -0.269148 -0.89337 0.224808
822 0.0565631 -0.84944 0.524645 0.00799745 0.145822 -0.98931 0.00129176 0.979294
823 -0.616699 0.653644 0.438672 0.00542889 0.551921 -0.229639 0.801654 0.726808
824 0.624476 -0.61194 -0.485344 0.000684668 0.286351 -0.806264 0.517631 0.419213
825 -0.00916369 0.0873263 0.996138 0.00683229 -0.881239 0.0180391 0.472328 0.514654
826 -0.486885 0.860883 0.147731 0.00327602 0.66148 0.202213 0.722187 0.880137
827 0.0080416 -0.0721639 0.99736 0.0106875 -0.337533 0.212879 -0.916926 0.186817
828 0.00303869 0.00142372 -0.999994 0.0111304 -0.745097 0.495714 0.446204 0.0979928
829 0.211401 -0.288396 -0.933883 0.0112997 -0.386897 -0.912449 -0.133218 0.0109684
830 0.0705751 -0.127023 -0.989386 0.00114376 -0.638209 -0.518519 0.569058 0.273565
831 0.804092 0.284765 -0.521867 0.00732641 -0.163825 -0.958492 0.233355 1.54841
832 0.0470112 0.140601 -0.98895 0.00981144 0.641214 -0.0906588 0.761988 0.688168
833 -0.079972 -0.32662 0.941766 0.0017085 0.391699 0.912152 0.120628 0.00292909
834 -0.996322 -0.00468071 0.0855611 0.00905123 -0.0230398 -0.90015 0.434971 0.8669
835 -0.96152 0.0689819 -0.265935 0.00379499 -0.634225 0.407378 0.657117 0.752749
836 0.0950293 -0.935836 -0.339381 0.00545227 0.311451 0.762515 0.567071 0.764926
837 -0.664478 0.59134 0.456931 0.00192131 -0.679881 0.35347 -0.642511 0.514357
838 0.148516 0.0490332 -0.987694 0.0116055 -0.487982 0.0358713 0.872116 0.752102
839 0.421073 -0.34477 -0.838946 0.00123165 0.781894 0.618265 0.0799351 1.20153
840 0.427157 -0.592207 0.683247 0.00806716 -0.363629 0.404702 -0.839041 0.245474
841 -0.443638 -0.771932 0.45531 0.00121325 -0.954313 -0.210425 0.212151 0.113529
842 -0.77466 0.486518 -0.403982 0.0066265 -0.240629 -0.969283 -0.0508736 1.37967
843 -0.385372 -0.064551 0.920501 0.0116475 0.981554 0.124071 0.145459 0.474596
844 0.529663 -0.765126 -0.366114 0.0102201 0.346833 -0.354588 -0.868317 0.695703
845 -0.371386 0.733496 0.56926 0.00920577 0.0476294 0.950205 0.307963 0.394829
846 -0.298502 0.0047226 0.954397 0.00196626 0.369289 0.913932 0.168384 0.0995623
847 -0.275929 0.141994 0.950632 0.0114179 -0.167111 0.984106 -0.0600826 0.349864
848 0.253732 -0.368488 0.894336 0.0113264 0.06101 -0.778781 -0.624322 1.13054
849 0.0185309 -0.959079 -0.282531 0.00182051 -0.478677 -0.768875 -0.42391 0.814849
850 -0.75343 0.344846 0.559843 0.010669 0.358772 -0.814938 -0.455148 0.224438
851 -0.298896 -0.0770991 -0.951166 0.00703307 -0.825176 0.533212 -0.186464 0.583354
852 0.664904 -0.68513 -0.297487 0.0136711 -0.627615 0.581034 0.518168 0.273853
853 -0.799192 -0.466519 0.379015 0.009041 0.538061 0.726674 -0.427125 1.6656
854 -0.68545 0.684564 -0.248053 0.0012261 -0.789999 0.342702 -0.508386 1.27409
855 -0.810517 -0.433346 -0.394047 0.00750238 -0.317608 -0.692556 0.647682 0.233962
856 0.0337293 -0.0441753 0.998454 0.00542035 0.617215 0.771509 -0.154336 0.469039
857 0.247109 0.48956 -0.836223 0.00135879 0.245396 0.953625 -0.174301 0.791571
858 -0.564298 0.802108 0.195425 0.0142226 -0.470268 0.880963 0.0524557 0.588639
859 0.500971 -0.808214 -0.309546 0.00204909 -0.580367 0.3354 -0.742079 1.05595
860 0.691837 0.691075 0.209228 0.0114004 0.20641 0.839751 0.502209 0.778572
861 -0.319179 -0.90168 0.291715 0.0129346 0.910422 -0.288855 0.296134 0.665449
862 -0.263824 -0.528076 0.807176 0.00737344 0.629141 0.742755 0.229123 0.564108
863 -0.687497 -0.239105 -0.685694 0.00362571 -0.26165 0.752579 0.604287 0.642649
864 0.629241 -0.0120674 0.777117 0.00832955 -0.488205 0.435508 0.7563 0.328518
865 0.867164 -0.212808 0.450266 0.000991501 0.905039 0.407516 -0.121797 1.39918
866 0.468962 -0.373434 -0.800388 0.00923049 0.847629 -0.264726 0.459832 0.792678
867 0.500803 -0.415374 -0.759382 0.00751517 -0.731281 0.516211 -0.445819 0.564688
868 0.381765 0.69399 0.610437 0.0012152 0.487283 -0.639019 0.595156 2.10451
869 -0.260125 0.226097 -0.938731 0.00544336 0.065827 0.351919 0.933713 0.5083
870 -0.0701611 -0.709199 -0.701509 0.00569694 0.967897 0.119474 0.221135 0.75312
871 -0.791935 -0.603887 -0.0903364 0.0138913 0.992999 -0.11791 -0.00703284 0.46243
872 0.203966 0.696946 -0.687506 0.00404723 0.425869 -0.377129 -0.822441 0.187704
873 0.418358 -0.906108 -0.0628058 0.0127447 0.311609 0.901791 -0.299454 0.611647
874 -0.798412 -0.13295 0.58725 0.000961989 0.227135 0.754509 0.615731 0.318806
875 0.204336 -0.0301913 -0.978435 0.000530396 -0.00927915 -0.335013 0.942168 0.732041
876 -0.661023 0.253611 0.706208 0.00798613 -0.864849 0.451826 -0.218837 0.663937
877 -0.742019 -0.668808 -0.0458609 0.00378712 -0.801774 -0.52566 -0.284322 0.300204
878 0.795715 -0.391406 0.46221 0.00781672 -0.580482 -0.0876732 0.80954 0.668753
879 0.48563 -0.615228 -0.621013 0.00641552 0.109794 -0.730138 -0.674421 0.561663
880 -0.0801948 -0.0134171 0.996689 0.008582 -0.443809 -0.294591 0.846315 0.42188
881 0.342133 0.69664 0.630585 0.00301659 0.405014 0.720526 0.562855 0.761338
882 -0.0983358 0.424455 0.900093 0.000797983 0.557215 0.449805 -0.697988 0.199032
883 0.404312 -0.770995 -0.492036 0.00255615 0.117012 -0.487111 -0.865466 0.898066
884 -0.702747 0.513216 0.492703 0.00107515 0.616368 0.694124 0.371862 1.12058
885 0.340721 -0.0983149 0.93501 0.00869837 0.357943 0.189937 -0.914221 0.536909
886 -0.0200493 -0.603285 0.797274 0.00825301 0.750296 0.500716 0.43167 0.379029
887 -0.935985 -0.182177 0.301238 0.0112038 0.117104 -0.935961 -0.332059 0.287866
888 -0.732951 0.0850577 0.674943 0.00432653 -0.480761 0.53976 -0.691034 1.2645
889 -0.477148 -0.586122 -0.654821 0.0127186 -0.244334 0.361445 0.89981 0.494696
890 0.707307 0.029856 -0.706276 0.00256357 0.793373 -0.568684 -0.217158 0.054159
891 0.701296 0.415436 -0.579306 0.00688783 0.602367 -0.370598 -0.706973 0.86697
892 -0.804455 0.267391 0.530428 0.00310576 0.387743 -0.261623 -0.88386 1.54334
893 -0.134432 0.389719 -0.911069 0.00365687 0.21078 0.976032 0.0541636 0.187095
894 -0.418799 0.842312 0.339291 0.010615 -0.719277 0.694704 0.00519622 0.709496
895 -0.767852 0.0656064 0.637258 0.00387623 -0.205095 0.785914 -0.58333 0.780063
896 0.116587 -0.450819 0.884969 0.00965009 0.772989 -0.347607 0.530714 0.567867
897 -0.0186634 -0.961163 0.27535 0.0115904 -0.235004 0.94657 0.22086 0.305144
898 0.0857145 0.0331782 -0.995767 0.0139408 0.536455 -0.833202 0.134126 0.354511
899 -0.767827 0.548866 -0.330437 0.00223998 0.708521 -0.670982 -0.21859 1.28431
900 0.0648224 -0.71616 -0.69492 0.00540423 -0.472029 0.023204 0.881278 0.719163
901 -0.187506 -0.111537 0.97591 0.0097689 0.620834 0.725016 -0.298189 1.18901
902 0.441296 0.169358 -0.881235 0.00339703 0.586625 0.703556 0.401098 0.364383
903 0.708451 0.669886 0.222147 0.00610494 -0.637142 -0.192123 0.746417 0.12394
904 0.46454 0.300077 0.83316 0.00975077 -0.7861 -0.522065 0.3309 0.0286088
905 0.957181 -0.188494 0.219716 0.00900545 0.582824 -0.0842729 -0.808217 0.400359
906 -0.0450037 -0.0403762 -0.998171 0.00668525 0.331234 0.618086 0.712919 1.07047
907 0.532581 -0.704499 -0.469083 0.00253687 -0.175194 0.752349 -0.635042 0.63339
908 0.245255 0.135666 -0.959919 0.0134635 0.830048 -0.537644 -0.148187 0.88366
909 -0.347829 -0.313148 0.883716 0.010251 0.775208 -0.626999 -0.0769724 0.233653
910 -0.788836 -0.175953 0.588878 0.0123318 0.528181 -0.008614 0.849088 0.0918464
911 0.108633 -0.119265 -0.986902 0.00908654 -0.00190814 -0.476932 0.878938 0.468782
912 0.0441184 0.210032 -0.976699 0.00919808 -0.632306 -0.718709 -0.289218 1.11101
913 0.240917 -0.847263 0.473396 0.00572703 -0.343056 0.337036 0.876766 0.681317
914 0.555954 -0.530761 -0.639694 0.00219097 0.961994 -0.0593717 0.266539 0.692043
915 0.375328 0.189292 0.907357 0.0017552 -0.143471 0.199172 -0.969405 0.446449
916 -0.514805 -0.421765 -0.746384 0.0122609 0.755957 -0.652535 0.0522214 0.814441
917 -0.837811 -0.461666 0.29144 0.00240048 0.242054 0.544093 -0.803351 1.11424
918 0.122146 0.0459382 -0.991449 0.00418209 0.0821808 0.915606 0.393588 0.569343
919 0.739941 0.602545 0.299043 0.0118176 0.623812 -0.328026 0.709407 1.13359
920 0.512018 -0.0715434 0.85599 0.000893353 0.102752 -0.37387 -0.921772 0.148909
921 -0.812111 0.515921 0.272583 0.00498323 0.541586 -0.8303 0.131476 1.31638
922 -0.672925 0.59356 0.441427 0.00994649 0.0417513 -0.99337 -0.107114 0.95511
923 -0.293297 -0.949607 -0.110559 0.00141305 0.949823 -0.257695 -0.177282 0.922126
924 0.965055 0.169174 -0.200124 0.0132028 0.374581 0.145168 0.915759 1.17833
925 -0.857279 0.335715 0.390343 0.00718044 0.598586 0.744176 -0.296474 0.669377
926 0.397621 -0.853443 0.336945 0.00629748 0.959281 0.0618534 0.275599 0.476683
927 0.882234 -0.0983547 -0.460424 0.0102416 0.932727 -0.345209 -0.104166 0.104358
928 -0.251395 0.924058 -0.287953 0.00175907 -0.817599 0.431979 -0.380692 0.963164
929 -0.0994772 -0.053579 -0.993596 0.000933485 0.976506 -0.0797654 -0.200184 1.0388
930 0.0562943 0.998353 -0.0110735 0.00100948 -0.628715 0.518539 -0.579513 0.561264
931 0.771727 0.555127 0.310275 0.0106737 0.209823 -0.977734 0.0032117 1.03218
932 -0.624389 0.580612 0.522521 0.00636587 -0.0446957 -0.982621 -0.180163 0.558466
933 0.299994 0.474983 0.827282 0.00617684 0.392348 -0.914033 0.10299 0.604984
934 -0.113352 0.727341 0.676851 0.0113123 -0.423151 -0.688861 -0.588569 0.0791113
935 -0.144058 -0.535593 -0.832098 0.00638437 -0.796178 -0.498409 -0.343059 0.2145
936 0.0178343 -0.832146 -0.554269 0.0123324 0.948926 -0.0537484 -0.310886 0.178489
937 0.0329599 -0.929986 -0.366114 0.00899391 -0.774836 -0.032713 -0.631315 0.319492
938 -0.155323 0.669266 -0.726607 0.0127113 -0.655665 0.528952 -0.538807 0.52629
939 0.312817 -0.0773398 0.946659 0.0127617 0.0161543 0.675668 0.737029 0.313033
940 -0.395469 0.494831 -0.773787 0.00241736 0.641221 0.0629079 0.764773 0.73109
941 0.992121 0.0827564 0.0940596 0.00396245 -0.754173 -0.0582206 -0.654089 0.173122
942 -0.752095 -0.233597 0.616267 0.00495283 0.0513825 0.321069 0.945661 0.326192
943 -0.860131 -0.100318 0.500111 0.00846487 0.127057 0.346581 -0.929375 0.646746
944 -0.892825 0.357358 0.274151 0.0100188 -0.080033 0.871469 -0.483877 0.441132
945 -0.502491 0.484439 -0.716116 0.00749933 -0.82674 -0.508055 0.241621 0.653903
946 -0.394917 -0.436671 0.808306 0.00934603 -0.563125 -0.826105 0.0209846 0.669898
947 0.133373 0.931375 0.33875 0.00968635 -0.18041 -0.141435 -0.973369 0.731948
948 0.228826 -0.284134 -0.931078 0.00292885 0.137584 -0.851676 0.505686 0.189305
949 0.362889 -0.311107 0.878364 0.0126361 -0.589314 -0.62042 0.517483 0.619025
950 -0.400877 0.2183 -0.889743 0.00582008 0.496646 -0.775466 -0.389866 0.0807479
951 -0.195379 -0.974148 0.113417 0.00600438 0.0478148 0.717314 0.695107 0.166612
952 -0.123605 -0.983117 0.134917 0.00779359 0.291163 0.447236 -0.845698 0.905382
953 0.143834 -0.989551 -0.010019 0.0128558 0.643262 0.685698 -0.340634 0.53115
954 0.340233 0.0957756 -0.935451 0.00150708 0.237248 0.555847 0.79671 0.149159
955 0.494868 -0.862028 0.109606 0.011051 -0.247632 0.839428 -0.483776 0.339492
956 -0.788671 0.0357905 0.613773 0.00961991 0.682512 0.455574 0.571516 0.722507
957 0.193705 -0.259217 0.946195 0.00745062 -0.57654 -0.798407 -0.173631 0.339604
958 0.45423 0.388508 0.801708 0.00236425 -0.945796 -0.231767 -0.227495 0.145114
959 0.0187584 -0.00397131 -0.999816 0.00803615 0.0633084 -0.872915 0.483748 0.705386
960 -0.22042 0.25011 0.942794 0.0133445 0.134885 0.40897 -0.902524 0.557622
961 0.0330676 0.582464 0.812184 0.0130123 -0.0149105 -0.577657 0.816144 1.07718
962 -0.820613 -0.354111 -0.448553 0.00487071 -0.0319791 0.404377 0.914033 0.125775
963 0.069156 -0.0679759 -0.995287 0.0104674 -0.69258 0.502716 -0.51731 0.521294
964 0.0109666 -0.00687426 0.999916 0.00217821 0.0605251 -0.927934 0.367798 0.0962626
965 0.93882 -0.330656 0.0963502 0.0104793 0.308387 0.82533 0.472998 0.458657
966 -0.0221741 0.0297389 0.999312 0.00252649 -0.501771 0.654517 -0.565538 0.249765
967 0.649648 -0.162469 -0.742672 0.0052264 0.652397 -0.148904 0.743105 0.0444075
968 -0.616364 0.760105 0.205757 0.0125912 0.188261 0.976279 0.106941 1.2365
969 0.911983 -0.185413 -0.365936 0.00371781 -0.29254 0.906074 0.305697 0.661617
970 0.247903 0.184381 -0.951077 0.00488423 -0.769331 -0.63876 0.0107403 0.178431
971 0.907536 -0.341915 0.243871 0.00442688 -0.203586 0.881547 -0.425944 0.899744
972 -0.358526 -0.718322 -0.596215 0.0067591 0.304365 0.237177 -0.922556 0.467
973 0.150977 0.589864 -0.793263 0.0132078 -0.443737 -0.303835 -0.843079 1.38532
974 -0.520081 0.208397 0.828304 0.0123821 -0.488528 0.525083 0.69687 0.973131
975 -0.000145015 -0.000355033 -1 0.0117071 -0.209948 0.265749 0.940903 0.0554001
976 -0.916594 -0.22615 -0.329713 0.0136535 0.873908 -0.353117 0.334056 0.664685
977 -0.0311018 -0.346948 -0.937369 0.00659082 -0.0153704 0.794355 0.607259 0.56975
978 0.689874 0.206392 -0.693885 0.0113907 0.915579 -0.0316069 -0.400894 0.583604
979 -0.241182 -0.205527 0.948467 0.00946567 -0.858475 -0.512807 0.00709374 0.419027
980 0.767753 -0.23838 -0.594752 0.00903871 0.686473 0.612565 -0.391815 0.336664
981 0.0886304 -0.256064 -0.962588 0.00998439 -0.214362 -0.13052 -0.967995 0.616862
982 0.684627 -0.323977 -0.652935 0.00635708 -0.988677 -0.129596 -0.0756499 0.669043
983 0.269155 0.0893206 0.958946 0.0120018 -0.201431 0.924642 0.323208 0.835452
984 -0.50192 0.279975 -0.818346 0.0122109 0.998816 0.0195429 -0.0445446 1.3871
985 -0.177366 -0.797509 -0.576646 0.00296178 -0.565127 -0.0709605 -0.821946 1.13437
986 0.372635 0.57114 0.731398 0.0144476 -0.0379754 -0.0490628 -0.998074 0.740344
987 -0.31443 -0.149495 -0.937435 0.00972083 -0.773268 0.247849 0.583633 0.608676
988 -0.195775 -0.471283 -0.859979 0.00425777 0.410992 0.126594 0.902807 0.174917
989 -0.87772 -0.126677 0.462125 0.0117205 -0.349989 0.816487 -0.459191 0.280826
990 -0.163419 0.463352 -0.870976 0.00671873 -0.484621 -0.765811 -0.422701 0.448921
991 0.312158 0.415401 0.8544 0.0134605 -0.339277 0.288684 0.895295 0.330732
992 -0.118482 -0.26642 0.956547 0.00981245 0.828796 0.20232 -0.521693 0.318889
993 0.276906 -0.268242 0.922696 0.0141544 0.727857 -0.123247 0.674562 0.590984
994 -0.419553 -0.902552 -0.0968274 0.000957076 -0.151174 -0.00162878 -0.988506 0.342834
995 0.176519 0.141616 -0.974057 0.0112176 0.8282 -0.374646 0.416804 0.338027
996 0.268612 -0.630019 -0.728646 0.00982139 0.322075 -0.613065 -0.721401 0.290763
997 -0.460021 0.672624 -0.579619 0.00298326 -0.384287 -0.68783 0.615803 0.677443
998 -0.427549 -0.889231 -0.162695 0.0031646 0.67486 -0.732339 -0.0907956 0.012145
999 -0.432966 0.338774 0.835328 0.00781117 -0.65979 0.276105 0.698887 1.10828
